14.168627315304754
4.55521678957215
5.545268253204709
9.205976319760984
5.545268253204709
2.598076211353316
4.5
4.358898943540674
4.242640687119285
1.4142135623730951
3.0
5.656854249492381
7.0710678118654755
7.14142842854285
1.7320508075688772
0.0
2.449489742783178
1.4142135623730951
4.242640687119285
1.4142135623730951
1.4142135623730951
5.744562646538029
7.14142842854285
1.6583123951777
11.947803145348521
10.23474474522936
10.712142642814275
3.570714214271425
1.6583123951777
7.5
2.598076211353316
1.6583123951777
11.169153951844338
3.278719262151
3.570714214271425
6.5383484153110105
15.058220346375597
3.840572873934304
2.598076211353316
2.9154759474226504
8.74642784226795
1.224744871391589
1.224744871391589
0.7071067811865476
2.345207879911715
3.6742346141747673
0.7071067811865476
18.553975315279473
13.720422734012244
3.2015621187164243
4.358898943540674
4.358898943540674
3.0
3.4641016151377544
1.4142135623730951
2.8284271247461903
15.7797338380595
11.704699910719626
7.0710678118654755
6.363961030678928
1.224744871391589
14.882876066137216
16.38596960817394
0.7071067811865476
3.5355339059327378
2.1213203435596424
2.1213203435596424
9.246621004453464
1.224744871391589
2.345207879911715
6.442049363362563
5.338539126015656
1.7320508075688772
1.7320508075688772
1.7320508075688772
1.7320508075688772
11.090536506409418
5.744562646538029
8.12403840463596
4.55521678957215
3.840572873934304
3.570714214271425
1.6583123951777
3.570714214271425
2.1213203435596424
0.7071067811865476
0.7071067811865476
0.7071067811865476
2.1213203435596424
0.7071067811865476
0.7071067811865476
0.7071067811865476
0.7071067811865476
1.224744871391589
1.224744871391589
2.1213203435596424
1.224744871391589
1.4142135623730951
1.4142135623730951
2.449489742783178
1.0
2.8284271247461903
1.4142135623730951
4.242640687119285
5.0
2.5
12.0
7.14142842854285
3.0
6.4031242374328485
5.744562646538029
15.588457268119896
14.2828568570857
0.8660254037844386
3.570714214271425
1.6583123951777
3.570714214271425
4.55521678957215
3.5355339059327378
1.224744871391589
0.7071067811865476
1.224744871391589
0.7071067811865476
0.7071067811865476
2.598076211353316
3.570714214271425
0.8660254037844386
2.179449471770337
1.6583123951777
0.0
0.0
1.0
1.0
4.242640687119285
5.656854249492381
4.242640687119285
5.656854249492381
1.224744871391589
0.0
1.4142135623730951
1.4142135623730951
0.0
0.0
0.0
0.0
0.0
0.0
0.0
0.0
0.0
4.358898943540674
0.0
4.358898943540674
1.7320508075688772
4.69041575982343
1.4142135623730951
1.7320508075688772
1.7320508075688772
0.0
0.0
3.4641016151377544
3.0
3.0
1.0
2.8284271247461903
1.4142135623730951
4.69041575982343
4.69041575982343
1.7320508075688772
2.8284271247461903
0.0
0.0
3.0
0.0
0.0
3.5355339059327378
0.7071067811865476
5.338539126015656
5.338539126015656
5.338539126015656
3.278719262151
3.278719262151
2.8284271247461903
2.8284271247461903
2.449489742783178
2.449489742783178
1.7320508075688772
1.7320508075688772
1.4142135623730951
7.3484692283495345
36.71511950137164
12.36931687685298
0.7071067811865476
0.7071067811865476
6.363961030678928
12.020815280171307
14.882876066137216
12.020815280171307
12.031209415515965
2.449489742783178
4.242640687119285
0.0
7.54983443527075
5.744562646538029
2.449489742783178
1.7320508075688772
4.06201920231798
5.431390245600108
5.722761571129799
0.8660254037844386
6.5383484153110105
4.55521678957215
4.9749371855331
8.411301920630361
4.9749371855331
7.262919523166975
1.6583123951777
4.092676385936225
1.7320508075688772
4.69041575982343
3.3166247903554
7.14142842854285
1.4142135623730951
5.830951894845301
9.0
7.088723439378913
4.527692569068709
5.338539126015656
4.06201920231798
2.1213203435596424
23.286262044390035
17.03672503740082
3.774917217635375
3.2015621187164243
5.678908345800274
10.21028892833107
2.9154759474226504
4.06201920231798
3.6742346141747673
2.1213203435596424
4.527692569068709
3.6742346141747673
2.1213203435596424
2.1213203435596424
1.224744871391589
5.787918451395113
5.744562646538029
2.449489742783178
8.0156097709407
4.716990566028302
2.5
1.5
3.774917217635375
4.5
6.652067347825035
2.345207879911715
7.7781745930520225
0.7071067811865476
2.1213203435596424
0.8660254037844386
2.179449471770337
5.545268253204709
7.399324293474371
12.439855304624729
11.258330249197702
4.5
2.8722813232690143
7.88986691902975
3.2015621187164243
3.2015621187164243
2.8722813232690143
14.361406616345072
3.774917217635375
17.435595774162696
16.06237840420901
0.0
3.4641016151377544
3.0
3.4641016151377544
0.0
1.7320508075688772
4.358898943540674
3.0
0.0
0.0
8.48528137423857
2.8284271247461903
1.4142135623730951
4.242640687119285
0.8660254037844386
0.8660254037844386
2.8284271247461903
0.0
0.0
0.0
1.4142135623730951
0.0
0.0
2.8284271247461903
4.242640687119285
8.031189202104505
10.653637876331258
6.363961030678928
5.049752469181039
3.082207001484488
4.949747468305833
8.18535277187245
7.0
7.3484692283495345
3.0
22.23173407541571
10.21028892833107
4.924428900898052
4.924428900898052
2.0615528128088303
2.0615528128088303
16.5
5.049752469181039
0.5
3.774917217635375
11.84271928232701
3.0
1.4142135623730951
1.7320508075688772
19.339079605813716
11.489125293076057
5.196152422706632
3.0
3.4641016151377544
1.7320508075688772
9.82344135219425
7.516648189186454
3.0
0.0
0.0
2.179449471770337
2.179449471770337
13.892443989449804
11.489125293076057
4.123105625617661
21.0
11.090536506409418
0.0
0.0
18.445866745696716
4.272001872658765
9.17877987534291
10.688779163215974
31.81980515339464
14.713938969562161
17.705931209625774
29.008619408720573
46.738634982207174
47.16460537309732
6.041522986797286
10.024968827881711
4.06201920231798
4.06201920231798
3.5355339059327378
5.338539126015656
2.9154759474226504
3.082207001484488
6.363961030678928
3.6742346141747673
8.336666000266533
7.035623639735144
0.7071067811865476
3.082207001484488
3.5355339059327378
4.949747468305833
2.1213203435596424
6.363961030678928
4.949747468305833
1.224744871391589
3.6742346141747673
3.5355339059327378
3.5355339059327378
1.224744871391589
0.8660254037844386
2.179449471770337
0.8660254037844386
7.794228634059948
1.6583123951777
0.8660254037844386
2.179449471770337
2.179449471770337
2.8284271247461903
1.4142135623730951
1.0
0.0
5.196152422706632
1.4142135623730951
5.744562646538029
1.7320508075688772
1.7320508075688772
4.242640687119285
3.6742346141747673
2.1213203435596424
0.7071067811865476
6.363961030678928
3.5355339059327378
2.1213203435596424
1.224744871391589
1.224744871391589
0.0
1.4142135623730951
1.4142135623730951
4.242640687119285
0.0
0.0
3.0
4.242640687119285
3.5355339059327378
3.5355339059327378
2.345207879911715
5.338539126015656
7.842193570679061
0.7071067811865476
3.6742346141747673
1.224744871391589
1.224744871391589
3.6742346141747673
3.0
3.0
0.0
1.0
1.0
2.0
5.656854249492381
0.0
4.272001872658765
5.678908345800274
4.272001872658765
5.678908345800274
0.5
5.852349955359813
1.5
0.5
2.8722813232690143
1.5
5.678908345800274
7.88986691902975
7.088723439378913
11.324751652906125
9.912113800799505
1.5
6.652067347825035
0.5
4.272001872658765
1.5
2.449489742783178
1.7320508075688772
4.358898943540674
4.358898943540674
3.4641016151377544
2.449489742783178
1.7320508075688772
11.090536506409418
2.1213203435596424
4.949747468305833
2.1213203435596424
2.1213203435596424
7.7781745930520225
10.606601717798213
6.041522986797286
13.019216566291536
18.384776310850235
12.884098726725126
11.704699910719626
6.0
3.4641016151377544
7.0710678118654755
9.899494936611665
4.123105625617661
4.898979485566356
3.0
3.6742346141747673
9.40744386111339
9.192388155425117
3.6742346141747673
0.7071067811865476
3.6742346141747673
1.224744871391589
20.506096654409877
40.90843433816552
23.86419912756345
15.256146302392358
15.058220346375597
10.712142642814275
0.8660254037844386
1.6583123951777
13.444329659748751
11.521718621802913
11.169153951844338
13.076696830622021
5.656854249492381
2.449489742783178
7.3484692283495345
6.0
1.4142135623730951
15.84297951775486
15.684387141358123
3.4641016151377544
6.4031242374328485
19.150718002205558
13.444329659748751
4.9749371855331
1.6583123951777
0.8660254037844386
10.618380290797651
17.741194999210173
22.863726730347352
4.358898943540674
7.14142842854285
1.4142135623730951
5.196152422706632
8.12403840463596
3.0
1.4142135623730951
4.358898943540674
1.4142135623730951
4.123105625617661
21.587033144922902
4.242640687119285
5.656854249492381
2.449489742783178
2.8284271247461903
1.7320508075688772
4.242640687119285
5.656854249492381
1.0
1.7320508075688772
5.744562646538029
0.0
1.0
1.7320508075688772
2.8284271247461903
1.7320508075688772
5.196152422706632
4.0
8.616843969807043
1.5
1.5
0.5
7.5
0.5
19.189841062395487
12.737739202856996
2.449489742783178
2.0
4.123105625617661
5.656854249492381
7.14142842854285
2.0
2.8284271247461903
1.4142135623730951
4.358898943540674
5.656854249492381
6.4031242374328485
5.830951894845301
2.0
0.0
3.0
1.0
1.4142135623730951
2.8284271247461903
26.874709300753377
13.047988350699889
4.716990566028302
4.5
17.55704986607944
9.17877987534291
4.272001872658765
7.22841614740048
1.5
28.848743473503312
94.32921074619463
29.427877939124322
23.45207879911715
13.076696830622021
8.660254037844387
12.884098726725126
17.08800749063506
20.199009876724155
4.242640687119285
5.744562646538029
6.0
1.4142135623730951
3.4641016151377544
0.0
3.0
5.744562646538029
0.0
8.12403840463596
10.099504938362077
12.083045973594572
3.4641016151377544
5.196152422706632
8.48528137423857
5.656854249492381
4.358898943540674
6.164414002968976
25.352514668174436
31.0926036220835
16.454482671904334
6.5383484153110105
0.8660254037844386
2.598076211353316
6.837397165588672
6.383572667401852
5.172040216394301
6.383572667401852
23.46806340540267
11.169153951844338
9.205976319760984
7.794228634059948
0.8660254037844386
3.840572873934304
7.92148975887743
2.598076211353316
14.168627315304754
6.5383484153110105
0.8660254037844386
4.092676385936225
8.52936105461599
2.598076211353316
2.179449471770337
0.8660254037844386
12.519984025548915
16.454482671904334
17.97220075561143
21.79449471770337
7.14142842854285
5.744562646538029
3.0
6.557438524302
10.63014581273465
9.433981132056603
6.18465843842649
4.5
2.0615528128088303
0.5
7.762087348130012
10.012492197250394
6.5
1.5
3.2015621187164243
11.84271928232701
25.85053190942113
21.5
2.0615528128088303
5.678908345800274
4.272001872658765
0.5
2.8722813232690143
0.5
10.712142642814275
5.172040216394301
0.8660254037844386
3.570714214271425
4.55521678957215
2.598076211353316
2.598076211353316
8.986100377805714
12.031209415515965
0.8660254037844386
15.173990905493518
20.1059692628831
14.150971698084906
2.0615528128088303
1.5
5.678908345800274
3.774917217635375
3.774917217635375
32.77193921634788
28.5657137141714
12.767145334803704
3.0
3.3166247903554
3.0
3.4641016151377544
3.0
2.449489742783178
5.0
24.06241883103193
31.12876483254676
14.177446878757825
3.4641016151377544
6.0
4.69041575982343
1.7320508075688772
3.3166247903554
6.442049363362563
10.653637876331258
0.7071067811865476
2.1213203435596424
4.949747468305833
3.6742346141747673
12.668859459319927
10.606601717798213
5.049752469181039
1.224744871391589
24.124676163629637
22.715633383201094
14.142135623730951
2.449489742783178
3.4641016151377544
1.7320508075688772
1.4142135623730951
3.0
11.0
9.38083151964686
5.830951894845301
5.744562646538029
16.06237840420901
9.9498743710662
18.627936010197157
7.0710678118654755
4.242640687119285
15.556349186104045
10.688779163215974
18.39157415774952
11.412712210513327
4.272001872658765
4.5
6.652067347825035
14.150971698084906
18.39157415774952
