8.54400374531753
2.0
3.0
1.4142135623730951
2.0
1.0
1.224744871391589
2.8284271247461903
4.358898943540674
1.4142135623730951
4.242640687119285
2.8284271247461903
4.242640687119285
3.6742346141747673
0.0
0.0
1.7320508075688772
0.0
1.4142135623730951
0.0
1.4142135623730951
4.272001872658765
4.272001872658765
0.0
5.196152422706632
5.196152422706632
7.3484692283495345
1.7320508075688772
1.4142135623730951
6.0
4.5
1.5
4.924428900898052
4.924428900898052
2.5
4.924428900898052
14.361406616345072
3.5355339059327378
3.6742346141747673
0.8660254037844386
3.278719262151
1.6583123951777
0.8660254037844386
5.172040216394301
1.6583123951777
2.598076211353316
1.6583123951777
15.524174696260024
11.575836902790225
1.7320508075688772
2.449489742783178
2.449489742783178
2.0
1.0
1.4142135623730951
1.0
11.895377253370318
9.669539802906858
3.082207001484488
6.18465843842649
1.5
9.912113800799505
11.412712210513327
0.5
1.5
0.5
0.5
11.324751652906125
3.5
1.5
0.5
2.8722813232690143
0.8660254037844386
2.179449471770337
2.598076211353316
0.8660254037844386
7.794228634059948
3.840572873934304
3.840572873934304
2.0615528128088303
4.5
0.5
0.5
2.0615528128088303
0.0
0.0
0.0
0.0
1.4142135623730951
1.4142135623730951
1.0
0.0
1.4142135623730951
0.0
1.0
0.0
1.0
1.5
2.8722813232690143
1.5
1.5
6.18465843842649
4.272001872658765
3.5
3.5
2.0615528128088303
3.6742346141747673
1.224744871391589
0.7071067811865476
5.049752469181039
5.049752469181039
12.062338081814818
11.335784048754634
2.0
1.7320508075688772
2.449489742783178
4.123105625617661
4.898979485566356
1.4142135623730951
0.0
0.0
0.0
0.0
0.0
1.4142135623730951
0.0
0.0
0.0
1.4142135623730951
0.8660254037844386
0.8660254037844386
0.8660254037844386
0.8660254037844386
2.179449471770337
2.179449471770337
2.179449471770337
2.179449471770337
1.5
1.4142135623730951
0.0
2.8284271247461903
0.0
0.0
0.0
0.0
1.4142135623730951
1.4142135623730951
1.4142135623730951
1.0
0.0
2.449489742783178
0.0
4.69041575982343
0.0
1.7320508075688772
0.0
1.4142135623730951
0.0
0.0
1.7320508075688772
1.7320508075688772
1.0
3.0
1.4142135623730951
0.0
0.0
1.0
1.0
0.0
0.0
0.0
1.4142135623730951
3.0
2.9154759474226504
2.345207879911715
1.0
0.0
3.0
2.449489742783178
3.0
3.0
3.0
0.0
0.0
2.0
2.0
0.0
1.0
1.0
4.527692569068709
31.376742979474464
19.013153341831543
1.4142135623730951
1.7320508075688772
1.7320508075688772
8.48528137423857
11.357816691600547
9.899494936611665
12.062338081814818
2.0615528128088303
4.5
1.5
3.774917217635375
2.5
2.0615528128088303
0.5
2.179449471770337
2.598076211353316
2.0615528128088303
1.5
3.774917217635375
1.5
1.5
4.5
1.5
0.7071067811865476
0.7071067811865476
1.224744871391589
2.8722813232690143
2.8722813232690143
2.5
8.5
1.5
1.5
10.21028892833107
1.5
1.6583123951777
5.722761571129799
2.598076211353316
0.8660254037844386
10.712142642814275
9.205976319760984
3.278719262151
3.840572873934304
4.55521678957215
7.399324293474371
1.6583123951777
2.598076211353316
2.598076211353316
1.6583123951777
1.6583123951777
6.670832032063167
5.338539126015656
0.7071067811865476
1.224744871391589
2.345207879911715
0.7071067811865476
1.224744871391589
4.898979485566356
4.0
3.0
1.0
1.7320508075688772
2.0
4.69041575982343
1.5
1.5
0.5
1.5
0.8660254037844386
2.179449471770337
4.330127018922194
7.399324293474371
9.096702699330127
8.411301920630361
0.7071067811865476
1.224744871391589
2.345207879911715
4.636809247747852
3.082207001484488
2.1213203435596424
9.40744386111339
3.082207001484488
12.389511693363866
10.793516572461451
0.8660254037844386
2.598076211353316
0.8660254037844386
2.598076211353316
0.8660254037844386
0.8660254037844386
2.9154759474226504
1.224744871391589
0.0
4.69041575982343
2.8284271247461903
1.4142135623730951
0.0
2.8284271247461903
0.7071067811865476
0.7071067811865476
0.8660254037844386
0.8660254037844386
0.8660254037844386
0.8660254037844386
0.8660254037844386
2.179449471770337
2.179449471770337
4.358898943540674
4.358898943540674
4.949747468305833
6.363961030678928
4.636809247747852
4.527692569068709
2.9154759474226504
3.5355339059327378
3.774917217635375
2.8722813232690143
3.774917217635375
2.0615528128088303
22.814469093099667
14.474114826130128
4.06201920231798
3.082207001484488
4.06201920231798
1.224744871391589
14.33527118683145
3.082207001484488
2.5
4.5
7.88986691902975
4.242640687119285
0.0
0.8660254037844386
15.5161206491829
9.313968005098578
6.837397165588672
2.179449471770337
1.6583123951777
2.179449471770337
11.575836902790225
8.660254037844387
1.7320508075688772
1.7320508075688772
1.4142135623730951
1.4142135623730951
1.4142135623730951
11.157956802210698
10.222524150130436
2.1213203435596424
9.82344135219425
11.335784048754634
1.224744871391589
0.7071067811865476
13.765899897936205
3.082207001484488
9.669539802906858
10.464224768228174
22.41093483101497
12.579745625409124
14.150971698084906
26.874709300753377
40.607881008493905
37.33630940518894
5.196152422706632
7.14142842854285
2.0
1.7320508075688772
1.4142135623730951
2.8284271247461903
1.0
1.0
8.5
7.22841614740048
4.5
4.5
1.5
2.8722813232690143
0.0
2.8284271247461903
1.7320508075688772
1.7320508075688772
1.4142135623730951
1.0
2.8284271247461903
1.4142135623730951
1.4142135623730951
0.0
1.5
1.5
0.5
1.5
0.5
1.5
0.5
0.5
1.7320508075688772
1.7320508075688772
0.0
1.0
3.0
0.0
1.7320508075688772
1.4142135623730951
0.0
3.0
1.7320508075688772
1.7320508075688772
1.0
1.0
3.0
1.4142135623730951
0.0
0.0
0.0
1.0
1.0
0.0
0.0
0.0
1.4142135623730951
1.4142135623730951
0.7071067811865476
0.7071067811865476
0.7071067811865476
1.224744871391589
2.345207879911715
0.7071067811865476
2.1213203435596424
1.224744871391589
0.7071067811865476
0.7071067811865476
1.4142135623730951
1.7320508075688772
1.4142135623730951
1.0
0.0
1.0
2.8284271247461903
2.449489742783178
2.1213203435596424
3.5355339059327378
3.6742346141747673
3.5355339059327378
0.7071067811865476
3.6742346141747673
0.7071067811865476
2.1213203435596424
2.1213203435596424
0.7071067811865476
2.1213203435596424
5.338539126015656
7.035623639735144
9.192388155425117
10.793516572461451
0.7071067811865476
5.049752469181039
0.7071067811865476
2.9154759474226504
1.224744871391589
1.6583123951777
1.6583123951777
0.8660254037844386
0.8660254037844386
2.598076211353316
1.6583123951777
2.179449471770337
11.07925990308017
2.8284271247461903
5.744562646538029
5.656854249492381
1.7320508075688772
4.242640687119285
4.242640687119285
5.196152422706632
11.575836902790225
24.8746859276655
8.170067319184096
4.9749371855331
3.570714214271425
3.570714214271425
4.9749371855331
6.383572667401852
0.8660254037844386
0.8660254037844386
2.179449471770337
11.84271928232701
14.221462653327892
17.153716798408443
7.5
1.5
9.912113800799505
1.5
12.816005617976296
21.219095173922945
18.39157415774952
23.33452377915607
22.483327155917117
16.537835408541227
2.345207879911715
2.345207879911715
9.40744386111339
14.33527118683145
11.022703842524301
14.849242404917497
9.40744386111339
5.049752469181039
9.246621004453464
9.192388155425117
2.1213203435596424
6.442049363362563
10.653637876331258
2.1213203435596424
2.9154759474226504
23.339880033967614
16.27114009527298
7.794228634059948
1.6583123951777
0.8660254037844386
10.897247358851684
17.684739183827393
18.0208212909401
5.744562646538029
4.358898943540674
1.7320508075688772
1.7320508075688772
2.449489742783178
1.7320508075688772
0.0
0.0
0.0
6.4031242374328485
17.705931209625774
2.345207879911715
0.7071067811865476
2.345207879911715
0.7071067811865476
0.7071067811865476
3.5355339059327378
5.049752469181039
4.9749371855331
0.8660254037844386
3.840572873934304
2.179449471770337
0.8660254037844386
0.8660254037844386
0.8660254037844386
3.570714214271425
2.598076211353316
2.598076211353316
2.0
4.69041575982343
0.0
1.4142135623730951
8.717797887081348
1.4142135623730951
12.884098726725126
9.899494936611665
3.0
2.449489742783178
2.0
2.8284271247461903
4.358898943540674
1.0
0.0
1.0
3.0
4.358898943540674
3.4641016151377544
3.4641016151377544
1.0
1.4142135623730951
1.4142135623730951
1.0
1.7320508075688772
3.0
20.512191496766015
9.526279441628825
0.8660254037844386
3.570714214271425
7.794228634059948
3.570714214271425
2.179449471770337
4.9749371855331
1.6583123951777
22.863726730347352
84.21549738616996
29.635283025474887
18.714967272212903
6.946221994724902
6.18465843842649
10.012492197250394
12.816005617976296
11.412712210513327
2.0615528128088303
8.5
8.616843969807043
2.8722813232690143
1.5
1.5
1.5
0.5
0.5
7.5
6.041522986797286
7.035623639735144
5.338539126015656
10.793516572461451
0.7071067811865476
3.5355339059327378
1.224744871391589
7.035623639735144
26.348624252510795
31.784430150625635
14.221462653327892
1.5
1.5
2.0615528128088303
2.8722813232690143
4.272001872658765
5.852349955359813
4.272001872658765
18.0
6.928203230275509
2.8284271247461903
6.0
1.4142135623730951
4.242640687119285
5.656854249492381
4.242640687119285
12.062338081814818
7.035623639735144
0.7071067811865476
3.6742346141747673
5.338539126015656
2.1213203435596424
0.7071067811865476
2.1213203435596424
9.246621004453464
13.435028842544403
11.335784048754634
16.294170736800325
2.345207879911715
4.949747468305833
2.1213203435596424
4.06201920231798
6.123724356957945
5.431390245600108
6.0
6.0
1.7320508075688772
0.0
3.0
5.744562646538029
3.0
0.0
3.0
11.313708498984761
22.124646889837585
17.790446874657196
4.949747468305833
7.7781745930520225
4.949747468305833
0.7071067811865476
0.7071067811865476
2.1213203435596424
9.836157786453
6.383572667401852
0.8660254037844386
0.8660254037844386
0.8660254037844386
1.6583123951777
0.8660254037844386
6.383572667401852
6.383572667401852
3.840572873934304
12.020815280171307
14.849242404917497
7.7781745930520225
2.1213203435596424
0.7071067811865476
0.7071067811865476
0.7071067811865476
2.1213203435596424
29.94578434437809
29.508473359359
9.205976319760984
4.092676385936225
0.8660254037844386
0.8660254037844386
2.598076211353316
2.598076211353316
3.570714214271425
4.9749371855331
19.05255888325765
25.632011235952593
4.358898943540674
2.8284271247461903
4.358898943540674
4.242640687119285
2.449489742783178
4.242640687119285
12.062338081814818
12.062338081814818
0.7071067811865476
2.1213203435596424
0.7071067811865476
3.5355339059327378
7.035623639735144
5.049752469181039
2.1213203435596424
3.5355339059327378
23.42007685726074
19.11805429430516
7.7781745930520225
3.6742346141747673
3.5355339059327378
2.345207879911715
1.224744871391589
2.1213203435596424
13.114877048604
11.0
3.4641016151377544
2.8284271247461903
11.313708498984761
9.899494936611665
15.684387141358123
5.744562646538029
3.0
15.84297951775486
15.88238017426859
19.189841062395487
8.616843969807043
2.8722813232690143
3.2015621187164243
3.774917217635375
7.088723439378913
10.5
