10.653637876331258
15.149257407543116
17.363755354185336
21.94310825749169
17.0
19.82422760159901
18.384776310850235
13.076696830622021
14.142135623730951
18.384776310850235
22.627416997969522
29.338541204361203
17.684739183827393
5.545268253204709
0.8660254037844386
15.588457268119896
2.449489742783178
2.0
1.0
4.242640687119285
2.8284271247461903
5.830951894845301
7.088723439378913
13.047988350699889
22.5
7.399324293474371
8.52936105461599
3.570714214271425
52.65690837867335
40.13415004706092
10.805091392487155
38.21321760857099
1.5
11.324751652906125
8.5
9.40744386111339
2.1213203435596424
2.1213203435596424
4.06201920231798
6.041522986797286
2.1213203435596424
2.1213203435596424
4.242640687119285
4.242640687119285
1.7320508075688772
4.242640687119285
8.48528137423857
3.0
1.0
1.7320508075688772
1.7320508075688772
0.0
1.7320508075688772
5.678908345800274
1.5
2.8722813232690143
4.924428900898052
4.272001872658765
1.7320508075688772
1.7320508075688772
5.656854249492381
1.7320508075688772
4.272001872658765
6.18465843842649
4.924428900898052
2.8722813232690143
4.272001872658765
4.272001872658765
7.22841614740048
5.852349955359813
1.5
1.5
7.0710678118654755
2.8284271247461903
4.242640687119285
2.9154759474226504
4.527692569068709
11.554220008291344
1.0
0.0
3.570714214271425
4.9749371855331
5.545268253204709
5.0
0.0
1.7320508075688772
1.0
0.0
0.0
0.0
0.0
11.313708498984761
30.0
12.767145334803704
15.84297951775486
13.444329659748751
3.570714214271425
3.570714214271425
9.0
9.38083151964686
4.242640687119285
2.8284271247461903
2.8722813232690143
10.21028892833107
10.21028892833107
4.330127018922194
0.8660254037844386
3.5355339059327378
3.6742346141747673
2.345207879911715
0.7071067811865476
7.7781745930520225
7.7781745930520225
1.224744871391589
4.06201920231798
2.345207879911715
1.224744871391589
9.246621004453464
10.606601717798213
4.949747468305833
17.628102563804195
4.9749371855331
1.7320508075688772
0.0
1.4142135623730951
0.0
2.8284271247461903
2.8284271247461903
1.7320508075688772
1.7320508075688772
1.7320508075688772
18.81488772222678
2.0
0.0
2.8284271247461903
4.69041575982343
2.179449471770337
5.172040216394301
3.570714214271425
0.8660254037844386
2.179449471770337
0.8660254037844386
0.0
1.0
0.0
3.5355339059327378
5.049752469181039
7.7781745930520225
5.338539126015656
6.123724356957945
3.2015621187164243
1.5
1.5
4.5
7.22841614740048
4.272001872658765
0.5
0.5
13.5
19.85572965166478
26.537709019431198
1.4142135623730951
6.4031242374328485
7.3484692283495345
1.7320508075688772
1.7320508075688772
7.681145747868608
2.8284271247461903
1.4142135623730951
1.4142135623730951
5.196152422706632
20.024984394500787
17.0
14.722431864335457
21.511624764298954
3.570714214271425
0.8660254037844386
6.383572667401852
10.012492197250394
7.088723439378913
5.852349955359813
4.330127018922194
0.8660254037844386
1.6583123951777
0.8660254037844386
2.179449471770337
2.598076211353316
10.712142642814275
4.949747468305833
7.842193570679061
7.842193570679061
6.670832032063167
4.949747468305833
4.949747468305833
11.090536506409418
19.05255888325765
16.34013463836819
5.656854249492381
2.8284271247461903
3.0
3.0
3.0
13.444329659748751
14.9248115565993
19.150718002205558
17.741194999210173
32.98863440641337
27.244265451650556
1.5
0.5
3.5
3.774917217635375
4.5
0.5
2.598076211353316
6.5383484153110105
5.545268253204709
5.172040216394301
2.598076211353316
9.313968005098578
11.313708498984761
13.076696830622021
19.82422760159901
4.69041575982343
21.213203435596427
21.213203435596427
4.358898943540674
11.489125293076057
11.357816691600547
14.177446878757825
2.8284271247461903
8.336666000266533
14.849242404917497
14.849242404917497
9.192388155425117
1.224744871391589
2.1213203435596424
1.224744871391589
7.842193570679061
5.338539126015656
4.06201920231798
18.384776310850235
9.9498743710662
3.0
4.123105625617661
5.656854249492381
4.358898943540674
5.196152422706632
11.090536506409418
0.8660254037844386
3.570714214271425
3.278719262151
3.570714214271425
5.172040216394301
3.570714214271425
0.8660254037844386
12.031209415515965
4.272001872658765
5.678908345800274
10.874281585465774
10.21028892833107
2.345207879911715
2.1213203435596424
12.020815280171307
14.849242404917497
9.40744386111339
6.123724356957945
10.677078252031311
9.38083151964686
16.34013463836819
11.313708498984761
11.090536506409418
10.344080432788601
22.627416997969522
18.384776310850235
18.411952639521967
1.224744871391589
2.9154759474226504
1.5
1.5
2.0615528128088303
18.39157415774952
29.736341402398512
33.944808144987356
1.7320508075688772
5.656854249492381
14.142135623730951
4.330127018922194
5.172040216394301
5.172040216394301
3.840572873934304
4.330127018922194
16.454482671904334
21.97157254271983
4.272001872658765
2.0615528128088303
2.8722813232690143
2.8722813232690143
3.2015621187164243
1.5
3.774917217635375
4.5
10.012492197250394
4.5
8.616843969807043
5.852349955359813
6.946221994724902
10.606601717798213
2.1213203435596424
1.224744871391589
4.123105625617661
3.4641016151377544
1.7320508075688772
1.4142135623730951
2.8284271247461903
3.0
9.526279441628825
13.444329659748751
9.313968005098578
9.205976319760984
0.8660254037844386
17.03672503740082
9.912113800799505
10.012492197250394
9.912113800799505
4.5
2.8722813232690143
2.0615528128088303
1.5
1.224744871391589
4.272001872658765
12.971121771072847
10.874281585465774
15.56438241627338
9.394147114027968
4.272001872658765
15.835087622113116
3.570714214271425
8.170067319184096
0.8660254037844386
19.05255888325765
3.4641016151377544
3.0
1.4142135623730951
1.4142135623730951
29.8496231131986
35.58089374931439
32.66496594212215
6.18465843842649
5.852349955359813
13.865424623862047
3.5
