67.64983370267808
21.920310216782973
27.577164466275352
41.71930009000631
31.81980515339464
10.606601717798213
12.062338081814818
2.1213203435596424
1.224744871391589
3.6742346141747673
3.6742346141747673
5.338539126015656
3.082207001484488
16.5
8.616843969807043
0.5
24.540782383616055
7.5
0.5
3.774917217635375
5.5
19.32614809008769
20.03746490951388
5.744562646538029
10.099504938362077
7.54983443527075
34.72751070837067
5.196152422706632
5.656854249492381
16.015617378046965
9.669539802906858
9.669539802906858
1.224744871391589
2.1213203435596424
0.7071067811865476
4.06201920231798
2.345207879911715
0.8660254037844386
2.179449471770337
1.7320508075688772
11.575836902790225
0.0
0.0
1.4142135623730951
1.0
1.0
1.0
1.5
2.8722813232690143
5.678908345800274
1.7320508075688772
1.4142135623730951
1.4142135623730951
2.8284271247461903
4.242640687119285
5.656854249492381
7.7781745930520225
6.363961030678928
3.6742346141747673
9.40744386111339
1.224744871391589
21.94310825749169
21.94310825749169
12.186057606953941
14.983324063771697
13.47219358530748
3.082207001484488
19.80530232033836
17.03672503740082
2.0615528128088303
3.774917217635375
6.18465843842649
3.4641016151377544
6.4031242374328485
8.12403840463596
13.076696830622021
2.449489742783178
0.0
1.0
11.357816691600547
9.1104335791443
6.0
1.7320508075688772
2.449489742783178
1.4142135623730951
4.242640687119285
5.656854249492381
2.8284271247461903
2.449489742783178
3.3166247903554
4.0
7.681145747868608
3.570714214271425
0.8660254037844386
0.8660254037844386
8.170067319184096
4.092676385936225
1.0
1.7320508075688772
5.830951894845301
5.744562646538029
0.0
0.0
0.0
1.4142135623730951
1.7320508075688772
53.67494760127857
17.05872210923198
17.0
18.35755975068582
17.97220075561143
16.76305461424021
16.76305461424021
18.371173070873837
19.73575435599055
0.7071067811865476
2.345207879911715
6.363961030678928
6.363961030678928
2.1213203435596424
6.670832032063167
9.192388155425117
4.949747468305833
4.06201920231798
8.48528137423857
4.358898943540674
3.3166247903554
2.8284271247461903
1.7320508075688772
3.570714214271425
10.618380290797651
0.8660254037844386
0.8660254037844386
7.794228634059948
2.598076211353316
5.545268253204709
9.836157786453
1.5
4.242640687119285
4.123105625617661
0.0
0.0
9.9498743710662
1.0
0.0
1.4142135623730951
4.69041575982343
1.4142135623730951
2.449489742783178
1.4142135623730951
19.345542122153102
3.774917217635375
5.678908345800274
2.8722813232690143
18.227726133558185
3.2015621187164243
10.111874208078342
14.150971698084906
11.324751652906125
5.722761571129799
12.439855304624729
6.383572667401852
12.835497652993435
9.313968005098578
3.570714214271425
4.9749371855331
5.049752469181039
5.338539126015656
2.345207879911715
1.224744871391589
0.7071067811865476
0.7071067811865476
10.653637876331258
10.0
0.0
6.18465843842649
1.5
14.291605927956452
15.56438241627338
15.56438241627338
12.806248474865697
8.12403840463596
0.0
0.0
1.4142135623730951
0.0
2.8284271247461903
0.0
0.0
3.5355339059327378
3.5355339059327378
3.5355339059327378
5.196152422706632
2.8284271247461903
1.4142135623730951
0.0
2.8284271247461903
10.099504938362077
7.088723439378913
3.0
1.0
3.0
4.0
2.0
1.0
1.4142135623730951
5.744562646538029
3.0
12.816005617976296
0.5
12.737739202856996
8.5
1.5
22.23173407541571
0.5
21.9260119492807
2.179449471770337
1.6583123951777
10.344080432788601
10.344080432788601
1.7320508075688772
11.357816691600547
7.0710678118654755
12.884098726725126
9.055385138137417
33.71943060017473
13.47219358530748
7.035623639735144
23.759208741033444
13.583077707206124
52.1200537221519
36.93913913452776
19.196353820452465
14.849242404917497
22.282279955157193
20.820662813657012
1.6583123951777
23.46806340540267
22.06241147291021
7.794228634059948
1.6583123951777
4.5
0.5
1.5
0.5
1.5
2.1213203435596424
2.1213203435596424
39.64845520319802
17.0
14.2828568570857
4.358898943540674
2.449489742783178
8.12403840463596
1.4142135623730951
1.5
0.5
4.924428900898052
4.5
3.570714214271425
6.837397165588672
12.114041439585717
16.454482671904334
29.508473359359
11.947803145348521
2.8722813232690143
3.774917217635375
3.2015621187164243
14.361406616345072
1.5
1.5
4.5
10.111874208078342
1.4142135623730951
17.08800749063506
6.0
9.9498743710662
5.744562646538029
4.898979485566356
4.242640687119285
0.0
11.157956802210698
6.123724356957945
4.5
12.816005617976296
11.412712210513327
10.21028892833107
2.8722813232690143
1.5
4.330127018922194
6.06217782649107
11.704699910719626
7.14142842854285
8.48528137423857
8.48528137423857
4.242640687119285
7.3484692283495345
4.69041575982343
14.45683229480096
11.704699910719626
11.022703842524301
13.47219358530748
0.7071067811865476
3.6742346141747673
0.7071067811865476
2.1213203435596424
19.5
18.553975315279473
8.381527307120106
0.5
7.842193570679061
7.7781745930520225
0.7071067811865476
0.7071067811865476
1.224744871391589
2.345207879911715
0.7071067811865476
26.28212320190285
7.22841614740048
11.324751652906125
32.836717253708535
14.9248115565993
12.439855304624729
1.0
1.7320508075688772
2.8284271247461903
5.744562646538029
5.744562646538029
3.4641016151377544
1.7320508075688772
7.681145747868608
0.0
7.0710678118654755
0.0
1.0
21.5
25.85053190942113
11.0
8.660254037844387
5.744562646538029
5.744562646538029
2.449489742783178
1.4142135623730951
2.8284271247461903
10.862780491200215
19.05255888325765
9.0
3.4641016151377544
43.9089968002003
15.033296378372908
2.8284271247461903
11.704699910719626
52.00480747007915
57.4847805945191
6.652067347825035
12.816005617976296
12.737739202856996
4.5
4.272001872658765
12.737739202856996
18.39157415774952
17.153716798408443
14.849242404917497
17.705931209625774
10.606601717798213
0.7071067811865476
14.849242404917497
16.263455967290593
2.1213203435596424
2.1213203435596424
6.670832032063167
9.460443964212251
8.336666000266533
0.7071067811865476
8.031189202104505
14.439529078193651
14.439529078193651
15.149257407543116
12.083045973594572
11.357816691600547
8.12403840463596
4.358898943540674
4.123105625617661
5.196152422706632
5.744562646538029
4.69041575982343
6.363961030678928
4.636809247747852
2.1213203435596424
4.636809247747852
5.049752469181039
2.345207879911715
1.224744871391589
8.093207028119323
9.669539802906858
7.035623639735144
8.52936105461599
8.760707733967616
0.8660254037844386
3.570714214271425
7.794228634059948
18.83480820183736
4.330127018922194
5.172040216394301
3.5355339059327378
1.224744871391589
3.6742346141747673
1.224744871391589
6.363961030678928
9.246621004453464
4.949747468305833
11.022703842524301
3.0
2.0
4.242640687119285
6.0
1.0
0.0
3.0
4.123105625617661
7.3484692283495345
11.090536506409418
6.442049363362563
8.031189202104505
2.1213203435596424
19.196353820452465
11.022703842524301
3.5355339059327378
3.6742346141747673
6.442049363362563
6.442049363362563
2.345207879911715
0.7071067811865476
0.7071067811865476
5.338539126015656
3.6742346141747673
9.192388155425117
10.606601717798213
12.020815280171307
7.035623639735144
11.324751652906125
17.03672503740082
33.974254958718376
0.5
0.5
18.39157415774952
5.5
1.5
24.088378940891808
18.553975315279473
0.7071067811865476
6.363961030678928
2.345207879911715
6.670832032063167
8.74642784226795
10.222524150130436
3.5355339059327378
4.06201920231798
2.8722813232690143
0.5
0.5
0.5
5.678908345800274
1.5
1.5
1.5
1.0
7.681145747868608
14.2828568570857
12.727922061357855
12.727922061357855
0.0
0.0
8.717797887081348
4.242640687119285
26.870057685088806
8.54400374531753
5.744562646538029
4.242640687119285
4.0
1.4142135623730951
0.0
1.7320508075688772
1.4142135623730951
2.8284271247461903
1.4142135623730951
1.0
1.0
1.7320508075688772
1.4142135623730951
4.242640687119285
12.0
5.196152422706632
5.744562646538029
4.949747468305833
5.049752469181039
3.6742346141747673
0.7071067811865476
2.1213203435596424
2.1213203435596424
2.1213203435596424
3.6742346141747673
0.7071067811865476
2.1213203435596424
1.224744871391589
3.6742346141747673
3.5355339059327378
4.949747468305833
0.7071067811865476
2.345207879911715
2.345207879911715
2.1213203435596424
1.4142135623730951
1.4142135623730951
0.0
4.358898943540674
10.099504938362077
5.196152422706632
1.4142135623730951
2.8284271247461903
0.0
4.358898943540674
5.744562646538029
4.242640687119285
0.0
2.0
4.358898943540674
4.242640687119285
5.744562646538029
5.656854249492381
5.049752469181039
2.1213203435596424
2.1213203435596424
1.224744871391589
0.7071067811865476
0.7071067811865476
2.1213203435596424
0.7071067811865476
6.363961030678928
7.842193570679061
14.142135623730951
1.4142135623730951
1.4142135623730951
2.8284271247461903
9.9498743710662
7.14142842854285
3.0
2.8284271247461903
1.0
3.3166247903554
9.0
12.36931687685298
10.677078252031311
3.3166247903554
1.0
4.69041575982343
9.273618495495704
9.38083151964686
4.949747468305833
2.345207879911715
2.345207879911715
2.1213203435596424
2.345207879911715
1.224744871391589
3.082207001484488
5.431390245600108
22.638462845343543
3.082207001484488
2.345207879911715
4.06201920231798
1.224744871391589
2.1213203435596424
2.345207879911715
2.345207879911715
2.9154759474226504
11.726039399558575
5.0
5.196152422706632
8.660254037844387
14.2828568570857
7.3484692283495345
2.0
9.38083151964686
12.36931687685298
12.727922061357855
3.0
7.14142842854285
2.8284271247461903
5.744562646538029
4.69041575982343
2.0
2.449489742783178
0.0
21.748563170931547
31.823733281939127
24.753787588973125
6.383572667401852
6.383572667401852
1.6583123951777
2.598076211353316
0.8660254037844386
9.733961166965893
27.285527299284507
28.293108701590217
17.930421077041107
0.7071067811865476
2.345207879911715
2.1213203435596424
4.949747468305833
4.949747468305833
2.345207879911715
8.031189202104505
21.94310825749169
10.606601717798213
6.442049363362563
2.345207879911715
2.1213203435596424
3.5355339059327378
10.653637876331258
18.12456896039186
1.4142135623730951
3.0
4.358898943540674
0.0
5.744562646538029
1.0
2.0
1.7320508075688772
14.45683229480096
15.588457268119896
15.588457268119896
24.779023386727733
4.69041575982343
3.3166247903554
1.7320508075688772
9.9498743710662
12.727922061357855
13.856406460551018
10.136567466356647
9.096702699330127
3.570714214271425
3.570714214271425
2.179449471770337
2.179449471770337
4.330127018922194
0.8660254037844386
2.179449471770337
20.512191496766015
36.823905279043935
31.12876483254676
4.358898943540674
1.7320508075688772
1.7320508075688772
8.660254037844387
11.661903789690601
12.36931687685298
4.358898943540674
0.0
2.0
3.0
1.0
2.8284271247461903
1.7320508075688772
4.69041575982343
10.677078252031311
6.928203230275509
8.616843969807043
26.272609310839304
8.616843969807043
2.0615528128088303
2.0615528128088303
12.175795661885921
12.175795661885921
13.5
16.06237840420901
15.84297951775486
4.242640687119285
0.0
1.0
7.0710678118654755
3.0
4.69041575982343
0.0
25.534290669607408
11.489125293076057
25.337718918639855
15.684387141358123
1.4142135623730951
4.242640687119285
1.7320508075688772
8.54400374531753
15.588457268119896
2.0
3.3166247903554
4.358898943540674
2.0
5.196152422706632
0.0
9.38083151964686
4.242640687119285
5.744562646538029
20.42057785666214
38.1673944617654
26.7348087705897
12.114041439585717
2.179449471770337
2.179449471770337
4.9749371855331
16.209565077447326
21.511624764298954
5.744562646538029
2.8284271247461903
14.2828568570857
7.681145747868608
7.681145747868608
3.0
8.48528137423857
7.14142842854285
3.4641016151377544
11.357816691600547
11.521718621802913
23.339880033967614
13.444329659748751
7.262919523166975
2.598076211353316
5.172040216394301
26.28212320190285
27.690250992000777
