59.71180787750443
24.76893215300167
26.16295090390226
43.14510400960925
31.81980515339464
10.606601717798213
12.767145334803704
2.598076211353316
0.8660254037844386
3.840572873934304
2.598076211353316
2.179449471770337
1.6583123951777
15.0996688705415
8.616843969807043
1.5
24.540782383616055
5.5
0.5
2.8722813232690143
5.315072906367325
15.5161206491829
14.517231140957975
5.678908345800274
8.616843969807043
6.652067347825035
34.41293361513953
3.774917217635375
4.272001872658765
14.474114826130128
8.717797887081348
10.344080432788601
1.0
1.4142135623730951
0.0
4.358898943540674
2.8284271247461903
0.0
0.0
1.7320508075688772
11.090536506409418
0.0
0.0
1.4142135623730951
1.0
1.0
1.0
1.5
1.5
5.678908345800274
1.7320508075688772
1.4142135623730951
1.4142135623730951
2.8284271247461903
4.242640687119285
4.242640687119285
7.088723439378913
5.678908345800274
2.8722813232690143
8.616843969807043
0.5
18.445866745696716
18.445866745696716
11.412712210513327
14.221462653327892
12.737739202856996
2.5
18.39157415774952
17.03672503740082
0.5
3.5
6.18465843842649
2.449489742783178
5.830951894845301
7.0710678118654755
11.489125293076057
2.8284271247461903
1.7320508075688772
1.4142135623730951
9.192388155425117
7.314369419163897
5.049752469181039
2.1213203435596424
2.345207879911715
0.0
3.0
4.242640687119285
2.8284271247461903
2.449489742783178
2.0
3.0
7.3484692283495345
5.545268253204709
0.8660254037844386
1.6583123951777
4.9749371855331
3.278719262151
1.0
1.7320508075688772
5.830951894845301
5.744562646538029
0.0
0.0
0.0
1.4142135623730951
1.7320508075688772
48.0
15.362291495737216
15.588457268119896
16.673332000533065
16.24807680927192
15.033296378372908
15.033296378372908
15.5161206491829
16.874537030686206
0.8660254037844386
2.179449471770337
6.383572667401852
5.830951894845301
2.449489742783178
6.0
9.899494936611665
5.656854249492381
6.0
7.088723439378913
4.5
3.774917217635375
2.8722813232690143
3.2015621187164243
2.179449471770337
7.794228634059948
0.8660254037844386
0.8660254037844386
6.5383484153110105
3.278719262151
6.837397165588672
11.169153951844338
1.224744871391589
3.6742346141747673
5.338539126015656
0.7071067811865476
2.1213203435596424
8.031189202104505
1.224744871391589
1.224744871391589
0.7071067811865476
6.442049363362563
2.345207879911715
1.224744871391589
0.7071067811865476
14.168627315304754
2.598076211353316
3.840572873934304
4.9749371855331
18.186533479473212
2.598076211353316
7.794228634059948
9.205976319760984
9.205976319760984
2.598076211353316
9.836157786453
7.794228634059948
9.836157786453
5.172040216394301
0.8660254037844386
3.840572873934304
5.744562646538029
6.0
3.0
1.0
0.0
0.0
8.54400374531753
9.0
0.0
5.830951894845301
0.0
12.806248474865697
14.071247279470288
14.071247279470288
12.439855304624729
6.689544080129826
0.0
0.0
1.4142135623730951
0.0
2.8284271247461903
0.0
0.0
3.5355339059327378
3.5355339059327378
3.5355339059327378
4.924428900898052
1.5
2.8722813232690143
0.5
4.272001872658765
8.616843969807043
7.22841614740048
1.4142135623730951
2.449489742783178
5.744562646538029
4.0
2.0
1.0
1.4142135623730951
5.744562646538029
3.0
12.767145334803704
3.0
9.899494936611665
4.242640687119285
3.4641016151377544
32.03123475609393
3.4641016151377544
19.09842925478428
2.598076211353316
1.6583123951777
4.924428900898052
4.924428900898052
3.2015621187164243
5.678908345800274
2.8722813232690143
7.5
9.17877987534291
14.722431864335457
10.606601717798213
5.338539126015656
28.008927148321835
16.294170736800325
49.26205436235887
31.0926036220835
17.741194999210173
13.444329659748751
20.994046775217015
20.512191496766015
2.0615528128088303
19.956202043475106
17.153716798408443
2.8722813232690143
3.2015621187164243
4.5
0.5
1.5
1.5
1.5
2.598076211353316
2.598076211353316
31.368774282716245
14.177446878757825
14.177446878757825
3.0
2.449489742783178
6.928203230275509
1.4142135623730951
1.0
0.0
4.358898943540674
5.656854249492381
2.8284271247461903
6.0
9.9498743710662
11.704699910719626
19.82422760159901
9.848857801796104
3.082207001484488
2.9154759474226504
4.06201920231798
12.186057606953941
4.06201920231798
2.345207879911715
4.636809247747852
8.093207028119323
0.0
17.233687939614086
4.0
5.196152422706632
3.4641016151377544
4.898979485566356
2.8284271247461903
0.0
7.399324293474371
3.278719262151
0.5
9.912113800799505
7.088723439378913
12.971121771072847
2.5
0.5
2.1213203435596424
7.035623639735144
9.0
8.54400374531753
9.899494936611665
8.48528137423857
2.8284271247461903
7.3484692283495345
3.4641016151377544
13.076696830622021
11.704699910719626
9.192388155425117
9.192388155425117
3.6742346141747673
4.949747468305833
0.7071067811865476
2.1213203435596424
19.5
16.00781059358212
7.88986691902975
0.5
4.898979485566356
6.557438524302
1.0
1.0
1.0
3.4641016151377544
0.0
24.8746859276655
7.88986691902975
9.912113800799505
26.837473800639284
9.604686356149273
9.604686356149273
1.224744871391589
2.345207879911715
3.5355339059327378
5.049752469181039
6.442049363362563
4.06201920231798
2.345207879911715
7.681145747868608
1.7320508075688772
9.205976319760984
0.8660254037844386
0.8660254037844386
15.75595125658873
27.244265451650556
9.82344135219425
7.516648189186454
4.949747468305833
6.123724356957945
1.224744871391589
0.7071067811865476
0.7071067811865476
7.88986691902975
16.00781059358212
5.5
4.272001872658765
50.52474641203061
17.514279888136993
0.8660254037844386
7.794228634059948
59.34644049983116
55.47972602672079
10.111874208078342
11.412712210513327
12.737739202856996
7.088723439378913
8.5
12.737739202856996
18.445866745696716
18.714967272212903
11.324751652906125
12.737739202856996
8.5
0.5
14.150971698084906
18.39157415774952
2.1213203435596424
4.949747468305833
8.336666000266533
11.554220008291344
10.793516572461451
2.345207879911715
9.82344135219425
10.464224768228174
11.554220008291344
12.708265027138834
8.616843969807043
9.394147114027968
5.678908345800274
7.088723439378913
5.5
4.5
4.272001872658765
7.088723439378913
5.678908345800274
1.5
2.0615528128088303
3.774917217635375
3.774917217635375
1.5
0.5
7.88986691902975
8.958236433584458
6.652067347825035
7.632168761236874
7.632168761236874
1.5
2.8722813232690143
5.852349955359813
19.189841062395487
3.2015621187164243
5.5
4.358898943540674
0.0
2.8284271247461903
1.0
5.656854249492381
8.48528137423857
7.14142842854285
8.717797887081348
1.5
2.0615528128088303
4.272001872658765
7.22841614740048
2.5
1.5
3.774917217635375
4.272001872658765
4.5
9.17877987534291
8.845903006477066
9.17877987534291
0.5
16.977926846349646
10.21028892833107
1.5
2.5
10.012492197250394
8.48528137423857
0.0
0.0
1.4142135623730951
6.0
3.0
8.48528137423857
9.9498743710662
15.588457268119896
11.704699910719626
12.278029157808675
16.454482671904334
31.85514087239295
0.8660254037844386
0.8660254037844386
17.684739183827393
6.689544080129826
1.6583123951777
21.9260119492807
20.068632240389476
1.5
7.088723439378913
2.0615528128088303
5.678908345800274
10.21028892833107
12.010412149464313
1.5
3.774917217635375
9.899494936611665
1.0
1.0
0.0
5.744562646538029
0.0
0.0
0.0
0.7071067811865476
6.670832032063167
12.062338081814818
12.062338081814818
10.606601717798213
0.7071067811865476
0.7071067811865476
6.670832032063167
1.224744871391589
27.577164466275352
8.54400374531753
4.242640687119285
2.8284271247461903
3.0
1.4142135623730951
0.0
1.7320508075688772
1.4142135623730951
1.4142135623730951
1.4142135623730951
0.0
0.0
0.0
1.4142135623730951
2.8284271247461903
7.681145747868608
4.69041575982343
4.898979485566356
4.949747468305833
4.06201920231798
1.224744871391589
0.7071067811865476
2.1213203435596424
2.1213203435596424
2.1213203435596424
2.1213203435596424
0.7071067811865476
2.1213203435596424
1.224744871391589
3.5355339059327378
3.5355339059327378
3.5355339059327378
0.7071067811865476
3.6742346141747673
3.5355339059327378
1.224744871391589
1.4142135623730951
1.4142135623730951
0.0
1.4142135623730951
12.0
5.196152422706632
1.4142135623730951
1.4142135623730951
1.0
4.358898943540674
7.0710678118654755
5.656854249492381
0.0
2.0
4.69041575982343
2.8284271247461903
4.242640687119285
5.656854249492381
4.358898943540674
1.4142135623730951
1.4142135623730951
2.0
0.0
1.4142135623730951
1.7320508075688772
0.0
5.656854249492381
8.48528137423857
14.849242404917497
0.7071067811865476
0.7071067811865476
2.1213203435596424
9.246621004453464
7.7781745930520225
3.6742346141747673
5.338539126015656
0.0
2.0
6.928203230275509
8.660254037844387
7.54983443527075
1.0
0.0
7.681145747868608
10.392304845413264
9.848857801796104
5.744562646538029
3.0
1.4142135623730951
1.4142135623730951
1.0
0.0
2.0
3.0
21.236760581595302
2.449489742783178
3.0
4.242640687119285
1.7320508075688772
1.7320508075688772
1.7320508075688772
3.0
3.4641016151377544
11.090536506409418
4.55521678957215
4.330127018922194
8.986100377805714
13.518505834595775
6.5383484153110105
1.6583123951777
6.689544080129826
8.411301920630361
12.727922061357855
4.242640687119285
5.656854249492381
2.8284271247461903
4.358898943540674
3.4641016151377544
2.0
1.0
0.0
15.84297951775486
31.81980515339464
24.76893215300167
7.842193570679061
2.1213203435596424
1.224744871391589
3.6742346141747673
0.7071067811865476
9.027735042633894
9.460443964212251
17.014699527173555
12.186057606953941
0.7071067811865476
3.6742346141747673
1.224744871391589
6.442049363362563
6.363961030678928
1.224744871391589
10.653637876331258
14.150971698084906
9.912113800799505
5.678908345800274
1.5
1.5
4.272001872658765
10.012492197250394
15.945218719101975
2.1213203435596424
3.5355339059327378
6.442049363362563
1.224744871391589
4.949747468305833
0.7071067811865476
1.224744871391589
0.7071067811865476
7.842193570679061
9.192388155425117
13.019216566291536
20.0124960961895
5.049752469181039
2.9154759474226504
2.345207879911715
10.222524150130436
12.864680330268607
12.864680330268607
5.722761571129799
8.411301920630361
2.598076211353316
3.570714214271425
1.6583123951777
4.9749371855331
3.278719262151
0.8660254037844386
0.8660254037844386
13.518505834595775
33.66749173906485
23.526580712037184
3.6742346141747673
1.224744871391589
1.224744871391589
7.516648189186454
9.460443964212251
10.222524150130436
4.9749371855331
2.598076211353316
2.598076211353316
3.840572873934304
0.8660254037844386
2.179449471770337
0.8660254037844386
5.172040216394301
8.986100377805714
4.9749371855331
10.111874208078342
21.54646142641524
8.845903006477066
1.5
1.5
9.604686356149273
9.604686356149273
10.5
11.704699910719626
11.357816691600547
1.7320508075688772
0.0
0.0
7.14142842854285
2.8284271247461903
4.69041575982343
1.0
21.307275752662516
15.033296378372908
23.043437243605826
15.0
1.4142135623730951
2.8284271247461903
1.4142135623730951
8.54400374531753
11.357816691600547
1.7320508075688772
0.0
5.744562646538029
2.0
5.196152422706632
0.0
8.717797887081348
1.4142135623730951
4.358898943540674
18.81488772222678
28.191310718020897
14.168627315304754
7.794228634059948
1.6583123951777
0.8660254037844386
4.9749371855331
14.9248115565993
20.168044030098706
8.717797887081348
4.69041575982343
17.0
9.899494936611665
7.14142842854285
4.358898943540674
5.656854249492381
7.0710678118654755
4.242640687119285
9.9498743710662
4.092676385936225
17.684739183827393
13.518505834595775
6.5383484153110105
2.179449471770337
2.179449471770337
20.994046775217015
22.377444000600246
