1.250000000000000000e+02
1.250000000000000000e+02
1.250000000000000000e+02
1.250000000000000000e+02
1.260000000000000000e+02
1.270000000000000000e+02
1.280000000000000000e+02
1.290000000000000000e+02
1.300000000000000000e+02
1.300000000000000000e+02
1.310000000000000000e+02
1.310000000000000000e+02
1.320000000000000000e+02
1.330000000000000000e+02
1.340000000000000000e+02
1.340000000000000000e+02
1.340000000000000000e+02
1.350000000000000000e+02
1.350000000000000000e+02
1.350000000000000000e+02
1.340000000000000000e+02
1.350000000000000000e+02
1.350000000000000000e+02
1.350000000000000000e+02
1.350000000000000000e+02
1.340000000000000000e+02
1.340000000000000000e+02
1.340000000000000000e+02
1.330000000000000000e+02
1.330000000000000000e+02
1.320000000000000000e+02
1.280000000000000000e+02
1.290000000000000000e+02
1.300000000000000000e+02
1.310000000000000000e+02
1.320000000000000000e+02
1.330000000000000000e+02
1.340000000000000000e+02
1.340000000000000000e+02
1.340000000000000000e+02
1.340000000000000000e+02
1.340000000000000000e+02
1.340000000000000000e+02
1.330000000000000000e+02
1.320000000000000000e+02
1.310000000000000000e+02
1.310000000000000000e+02
1.300000000000000000e+02
1.300000000000000000e+02
1.270000000000000000e+02
1.270000000000000000e+02
1.270000000000000000e+02
1.280000000000000000e+02
1.290000000000000000e+02
1.300000000000000000e+02
1.310000000000000000e+02
1.320000000000000000e+02
1.320000000000000000e+02
1.310000000000000000e+02
1.310000000000000000e+02
1.310000000000000000e+02
1.300000000000000000e+02
1.310000000000000000e+02
1.300000000000000000e+02
1.300000000000000000e+02
1.280000000000000000e+02
1.270000000000000000e+02
1.270000000000000000e+02
1.270000000000000000e+02
1.270000000000000000e+02
1.270000000000000000e+02
1.270000000000000000e+02
1.260000000000000000e+02
1.250000000000000000e+02
1.250000000000000000e+02
1.250000000000000000e+02
1.250000000000000000e+02
1.240000000000000000e+02
1.240000000000000000e+02
1.230000000000000000e+02
1.270000000000000000e+02
1.270000000000000000e+02
1.280000000000000000e+02
1.290000000000000000e+02
1.290000000000000000e+02
1.290000000000000000e+02
1.290000000000000000e+02
1.300000000000000000e+02
1.310000000000000000e+02
1.300000000000000000e+02
1.290000000000000000e+02
1.290000000000000000e+02
1.280000000000000000e+02
1.270000000000000000e+02
1.270000000000000000e+02
1.270000000000000000e+02
1.260000000000000000e+02
1.250000000000000000e+02
1.260000000000000000e+02
1.240000000000000000e+02
1.230000000000000000e+02
1.230000000000000000e+02
1.230000000000000000e+02
1.240000000000000000e+02
1.250000000000000000e+02
1.250000000000000000e+02
1.260000000000000000e+02
1.270000000000000000e+02
1.280000000000000000e+02
1.290000000000000000e+02
1.300000000000000000e+02
1.310000000000000000e+02
1.310000000000000000e+02
1.320000000000000000e+02
1.320000000000000000e+02
1.320000000000000000e+02
1.320000000000000000e+02
1.320000000000000000e+02
1.320000000000000000e+02
1.320000000000000000e+02
1.320000000000000000e+02
1.330000000000000000e+02
1.330000000000000000e+02
1.330000000000000000e+02
1.330000000000000000e+02
1.330000000000000000e+02
1.340000000000000000e+02
1.340000000000000000e+02
1.340000000000000000e+02
1.270000000000000000e+02
1.260000000000000000e+02
1.260000000000000000e+02
1.250000000000000000e+02
1.240000000000000000e+02
1.240000000000000000e+02
1.240000000000000000e+02
1.250000000000000000e+02
1.260000000000000000e+02
1.270000000000000000e+02
1.270000000000000000e+02
1.280000000000000000e+02
1.290000000000000000e+02
1.300000000000000000e+02
1.320000000000000000e+02
1.340000000000000000e+02
1.350000000000000000e+02
1.370000000000000000e+02
1.320000000000000000e+02
1.310000000000000000e+02
1.320000000000000000e+02
1.320000000000000000e+02
1.330000000000000000e+02
1.330000000000000000e+02
1.340000000000000000e+02
1.350000000000000000e+02
1.350000000000000000e+02
1.360000000000000000e+02
1.360000000000000000e+02
1.360000000000000000e+02
1.360000000000000000e+02
1.360000000000000000e+02
1.360000000000000000e+02
1.360000000000000000e+02
1.360000000000000000e+02
1.360000000000000000e+02
1.360000000000000000e+02
1.360000000000000000e+02
1.360000000000000000e+02
1.360000000000000000e+02
1.360000000000000000e+02
1.370000000000000000e+02
1.370000000000000000e+02
1.370000000000000000e+02
1.370000000000000000e+02
1.370000000000000000e+02
1.370000000000000000e+02
1.370000000000000000e+02
1.360000000000000000e+02
1.290000000000000000e+02
1.290000000000000000e+02
1.300000000000000000e+02
1.300000000000000000e+02
1.310000000000000000e+02
1.310000000000000000e+02
1.320000000000000000e+02
1.330000000000000000e+02
1.330000000000000000e+02
1.330000000000000000e+02
1.330000000000000000e+02
1.330000000000000000e+02
1.340000000000000000e+02
1.350000000000000000e+02
1.370000000000000000e+02
1.380000000000000000e+02
1.400000000000000000e+02
1.410000000000000000e+02
1.410000000000000000e+02
1.410000000000000000e+02
1.420000000000000000e+02
1.420000000000000000e+02
1.420000000000000000e+02
1.420000000000000000e+02
1.410000000000000000e+02
1.410000000000000000e+02
1.400000000000000000e+02
1.400000000000000000e+02
1.390000000000000000e+02
1.380000000000000000e+02
1.380000000000000000e+02
1.380000000000000000e+02
1.370000000000000000e+02
1.360000000000000000e+02
1.360000000000000000e+02
1.350000000000000000e+02
1.340000000000000000e+02
1.340000000000000000e+02
1.330000000000000000e+02
1.320000000000000000e+02
1.310000000000000000e+02
1.300000000000000000e+02
1.290000000000000000e+02
1.290000000000000000e+02
1.290000000000000000e+02
1.280000000000000000e+02
1.280000000000000000e+02
1.280000000000000000e+02
1.280000000000000000e+02
1.300000000000000000e+02
1.300000000000000000e+02
1.310000000000000000e+02
1.320000000000000000e+02
1.330000000000000000e+02
1.340000000000000000e+02
1.350000000000000000e+02
1.360000000000000000e+02
1.370000000000000000e+02
1.370000000000000000e+02
1.380000000000000000e+02
1.380000000000000000e+02
1.390000000000000000e+02
1.390000000000000000e+02
1.390000000000000000e+02
1.390000000000000000e+02
1.390000000000000000e+02
1.390000000000000000e+02
1.250000000000000000e+02
1.240000000000000000e+02
1.240000000000000000e+02
1.240000000000000000e+02
1.240000000000000000e+02
1.250000000000000000e+02
1.250000000000000000e+02
1.250000000000000000e+02
1.250000000000000000e+02
1.260000000000000000e+02
1.260000000000000000e+02
1.260000000000000000e+02
1.260000000000000000e+02
1.270000000000000000e+02
1.270000000000000000e+02
1.270000000000000000e+02
1.270000000000000000e+02
1.270000000000000000e+02
1.270000000000000000e+02
1.270000000000000000e+02
1.270000000000000000e+02
1.270000000000000000e+02
1.280000000000000000e+02
1.290000000000000000e+02
1.300000000000000000e+02
1.300000000000000000e+02
1.300000000000000000e+02
1.310000000000000000e+02
1.310000000000000000e+02
1.310000000000000000e+02
1.310000000000000000e+02
1.280000000000000000e+02
1.280000000000000000e+02
1.280000000000000000e+02
1.280000000000000000e+02
1.280000000000000000e+02
1.280000000000000000e+02
1.280000000000000000e+02
1.280000000000000000e+02
1.280000000000000000e+02
1.280000000000000000e+02
1.280000000000000000e+02
1.270000000000000000e+02
1.270000000000000000e+02
1.270000000000000000e+02
1.260000000000000000e+02
1.260000000000000000e+02
1.260000000000000000e+02
1.250000000000000000e+02
1.400000000000000000e+02
1.390000000000000000e+02
1.390000000000000000e+02
1.380000000000000000e+02
1.380000000000000000e+02
1.380000000000000000e+02
1.380000000000000000e+02
1.390000000000000000e+02
1.400000000000000000e+02
1.400000000000000000e+02
1.400000000000000000e+02
1.400000000000000000e+02
1.400000000000000000e+02
1.410000000000000000e+02
1.420000000000000000e+02
1.430000000000000000e+02
1.430000000000000000e+02
1.430000000000000000e+02
1.410000000000000000e+02
1.400000000000000000e+02
1.380000000000000000e+02
1.370000000000000000e+02
1.370000000000000000e+02
1.380000000000000000e+02
1.370000000000000000e+02
1.380000000000000000e+02
1.380000000000000000e+02
1.390000000000000000e+02
1.390000000000000000e+02
1.390000000000000000e+02
1.390000000000000000e+02
1.390000000000000000e+02
1.390000000000000000e+02
1.380000000000000000e+02
1.380000000000000000e+02
1.380000000000000000e+02
1.390000000000000000e+02
1.390000000000000000e+02
1.400000000000000000e+02
1.410000000000000000e+02
1.420000000000000000e+02
1.430000000000000000e+02
1.440000000000000000e+02
1.450000000000000000e+02
1.460000000000000000e+02
1.460000000000000000e+02
1.460000000000000000e+02
1.450000000000000000e+02
1.440000000000000000e+02
1.380000000000000000e+02
1.380000000000000000e+02
1.390000000000000000e+02
1.390000000000000000e+02
1.390000000000000000e+02
1.400000000000000000e+02
1.390000000000000000e+02
1.390000000000000000e+02
1.390000000000000000e+02
1.390000000000000000e+02
1.390000000000000000e+02
1.380000000000000000e+02
1.370000000000000000e+02
1.360000000000000000e+02
1.350000000000000000e+02
1.340000000000000000e+02
1.340000000000000000e+02
1.340000000000000000e+02
1.340000000000000000e+02
1.340000000000000000e+02
1.340000000000000000e+02
1.340000000000000000e+02
1.350000000000000000e+02
1.360000000000000000e+02
1.380000000000000000e+02
1.390000000000000000e+02
1.400000000000000000e+02
1.410000000000000000e+02
1.410000000000000000e+02
1.420000000000000000e+02
1.420000000000000000e+02
1.270000000000000000e+02
1.270000000000000000e+02
1.280000000000000000e+02
1.280000000000000000e+02
1.290000000000000000e+02
1.300000000000000000e+02
1.320000000000000000e+02
1.340000000000000000e+02
1.360000000000000000e+02
1.380000000000000000e+02
1.400000000000000000e+02
1.420000000000000000e+02
1.440000000000000000e+02
1.460000000000000000e+02
1.480000000000000000e+02
1.490000000000000000e+02
1.500000000000000000e+02
1.500000000000000000e+02
1.290000000000000000e+02
1.290000000000000000e+02
1.290000000000000000e+02
1.290000000000000000e+02
1.290000000000000000e+02
1.290000000000000000e+02
1.290000000000000000e+02
1.280000000000000000e+02
1.280000000000000000e+02
1.280000000000000000e+02
1.280000000000000000e+02
1.280000000000000000e+02
1.280000000000000000e+02
1.290000000000000000e+02
1.290000000000000000e+02
1.300000000000000000e+02
1.310000000000000000e+02
1.310000000000000000e+02
1.310000000000000000e+02
1.310000000000000000e+02
1.320000000000000000e+02
1.310000000000000000e+02
1.310000000000000000e+02
1.300000000000000000e+02
1.290000000000000000e+02
1.290000000000000000e+02
1.280000000000000000e+02
1.270000000000000000e+02
1.270000000000000000e+02
1.260000000000000000e+02
1.260000000000000000e+02
1.240000000000000000e+02
1.250000000000000000e+02
1.250000000000000000e+02
1.260000000000000000e+02
1.270000000000000000e+02
1.270000000000000000e+02
1.280000000000000000e+02
1.290000000000000000e+02
1.290000000000000000e+02
1.300000000000000000e+02
1.300000000000000000e+02
1.310000000000000000e+02
1.310000000000000000e+02
1.310000000000000000e+02
1.320000000000000000e+02
1.320000000000000000e+02
1.320000000000000000e+02
1.320000000000000000e+02
1.260000000000000000e+02
1.260000000000000000e+02
1.270000000000000000e+02
1.270000000000000000e+02
1.280000000000000000e+02
1.280000000000000000e+02
1.290000000000000000e+02
1.290000000000000000e+02
1.300000000000000000e+02
1.300000000000000000e+02
1.300000000000000000e+02
1.300000000000000000e+02
1.300000000000000000e+02
1.300000000000000000e+02
1.300000000000000000e+02
1.290000000000000000e+02
1.290000000000000000e+02
1.290000000000000000e+02
1.280000000000000000e+02
1.290000000000000000e+02
1.290000000000000000e+02
1.300000000000000000e+02
1.300000000000000000e+02
1.300000000000000000e+02
1.300000000000000000e+02
1.300000000000000000e+02
1.300000000000000000e+02
1.290000000000000000e+02
1.290000000000000000e+02
1.280000000000000000e+02
1.280000000000000000e+02
1.270000000000000000e+02
1.270000000000000000e+02
1.260000000000000000e+02
1.260000000000000000e+02
1.250000000000000000e+02
1.250000000000000000e+02
1.270000000000000000e+02
1.270000000000000000e+02
1.280000000000000000e+02
1.280000000000000000e+02
1.280000000000000000e+02
1.290000000000000000e+02
1.290000000000000000e+02
1.300000000000000000e+02
1.310000000000000000e+02
1.300000000000000000e+02
1.290000000000000000e+02
1.280000000000000000e+02
1.460000000000000000e+02
1.470000000000000000e+02
1.460000000000000000e+02
1.450000000000000000e+02
1.440000000000000000e+02
1.430000000000000000e+02
1.410000000000000000e+02
1.390000000000000000e+02
1.380000000000000000e+02
1.360000000000000000e+02
1.340000000000000000e+02
1.330000000000000000e+02
1.320000000000000000e+02
1.310000000000000000e+02
1.300000000000000000e+02
1.290000000000000000e+02
1.280000000000000000e+02
1.270000000000000000e+02
1.260000000000000000e+02
1.260000000000000000e+02
1.260000000000000000e+02
1.260000000000000000e+02
1.270000000000000000e+02
1.270000000000000000e+02
1.280000000000000000e+02
1.280000000000000000e+02
1.290000000000000000e+02
1.310000000000000000e+02
1.330000000000000000e+02
1.350000000000000000e+02
1.370000000000000000e+02
1.390000000000000000e+02
1.400000000000000000e+02
1.420000000000000000e+02
1.440000000000000000e+02
1.460000000000000000e+02
1.460000000000000000e+02
1.460000000000000000e+02
1.470000000000000000e+02
1.480000000000000000e+02
1.480000000000000000e+02
1.490000000000000000e+02
1.490000000000000000e+02
1.470000000000000000e+02
1.450000000000000000e+02
1.440000000000000000e+02
1.440000000000000000e+02
1.430000000000000000e+02
1.400000000000000000e+02
1.280000000000000000e+02
1.290000000000000000e+02
1.300000000000000000e+02
1.310000000000000000e+02
1.320000000000000000e+02
1.330000000000000000e+02
1.330000000000000000e+02
1.340000000000000000e+02
1.340000000000000000e+02
1.330000000000000000e+02
1.320000000000000000e+02
1.310000000000000000e+02
1.310000000000000000e+02
1.300000000000000000e+02
1.290000000000000000e+02
1.280000000000000000e+02
1.270000000000000000e+02
1.260000000000000000e+02
1.260000000000000000e+02
1.260000000000000000e+02
1.270000000000000000e+02
1.280000000000000000e+02
1.290000000000000000e+02
1.290000000000000000e+02
1.280000000000000000e+02
1.280000000000000000e+02
1.280000000000000000e+02
1.280000000000000000e+02
1.280000000000000000e+02
1.270000000000000000e+02
1.270000000000000000e+02
1.270000000000000000e+02
1.280000000000000000e+02
1.280000000000000000e+02
1.290000000000000000e+02
1.300000000000000000e+02
1.310000000000000000e+02
1.310000000000000000e+02
1.310000000000000000e+02
1.310000000000000000e+02
1.300000000000000000e+02
1.300000000000000000e+02
1.300000000000000000e+02
1.300000000000000000e+02
1.300000000000000000e+02
1.290000000000000000e+02
1.280000000000000000e+02
1.270000000000000000e+02
1.270000000000000000e+02
1.260000000000000000e+02
1.260000000000000000e+02
1.260000000000000000e+02
1.260000000000000000e+02
1.260000000000000000e+02
1.270000000000000000e+02
1.270000000000000000e+02
1.280000000000000000e+02
1.280000000000000000e+02
1.290000000000000000e+02
1.300000000000000000e+02
1.300000000000000000e+02
1.300000000000000000e+02
1.290000000000000000e+02
1.280000000000000000e+02
1.270000000000000000e+02
1.260000000000000000e+02
1.250000000000000000e+02
1.240000000000000000e+02
1.240000000000000000e+02
1.240000000000000000e+02
1.250000000000000000e+02
1.250000000000000000e+02
1.250000000000000000e+02
1.250000000000000000e+02
1.250000000000000000e+02
1.250000000000000000e+02
1.250000000000000000e+02
1.250000000000000000e+02
1.250000000000000000e+02
1.240000000000000000e+02
1.260000000000000000e+02
1.260000000000000000e+02
1.260000000000000000e+02
1.260000000000000000e+02
1.270000000000000000e+02
1.280000000000000000e+02
1.280000000000000000e+02
1.280000000000000000e+02
1.280000000000000000e+02
1.280000000000000000e+02
1.270000000000000000e+02
1.280000000000000000e+02
1.280000000000000000e+02
1.280000000000000000e+02
1.270000000000000000e+02
1.260000000000000000e+02
1.250000000000000000e+02
1.250000000000000000e+02
1.240000000000000000e+02
1.240000000000000000e+02
1.240000000000000000e+02
1.240000000000000000e+02
1.230000000000000000e+02
1.230000000000000000e+02
1.230000000000000000e+02
1.240000000000000000e+02
1.260000000000000000e+02
1.270000000000000000e+02
1.280000000000000000e+02
1.290000000000000000e+02
1.300000000000000000e+02
1.310000000000000000e+02
1.320000000000000000e+02
1.320000000000000000e+02
1.330000000000000000e+02
1.330000000000000000e+02
1.330000000000000000e+02
1.330000000000000000e+02
1.330000000000000000e+02
1.330000000000000000e+02
1.330000000000000000e+02
1.330000000000000000e+02
1.330000000000000000e+02
1.320000000000000000e+02
1.300000000000000000e+02
1.290000000000000000e+02
1.270000000000000000e+02
1.260000000000000000e+02
1.240000000000000000e+02
1.300000000000000000e+02
1.310000000000000000e+02
1.290000000000000000e+02
1.300000000000000000e+02
1.310000000000000000e+02
1.310000000000000000e+02
1.310000000000000000e+02
1.300000000000000000e+02
1.290000000000000000e+02
1.280000000000000000e+02
1.280000000000000000e+02
1.270000000000000000e+02
1.260000000000000000e+02
1.250000000000000000e+02
1.240000000000000000e+02
1.230000000000000000e+02
1.220000000000000000e+02
1.220000000000000000e+02
1.310000000000000000e+02
1.320000000000000000e+02
1.310000000000000000e+02
1.300000000000000000e+02
1.300000000000000000e+02
1.290000000000000000e+02
1.290000000000000000e+02
1.280000000000000000e+02
1.280000000000000000e+02
1.280000000000000000e+02
1.280000000000000000e+02
1.270000000000000000e+02
1.270000000000000000e+02
1.270000000000000000e+02
1.260000000000000000e+02
1.260000000000000000e+02
1.260000000000000000e+02
1.250000000000000000e+02
1.250000000000000000e+02
1.240000000000000000e+02
1.240000000000000000e+02
1.240000000000000000e+02
1.240000000000000000e+02
1.230000000000000000e+02
1.230000000000000000e+02
1.230000000000000000e+02
1.230000000000000000e+02
1.230000000000000000e+02
1.230000000000000000e+02
1.230000000000000000e+02
1.230000000000000000e+02
1.250000000000000000e+02
1.250000000000000000e+02
1.250000000000000000e+02
1.260000000000000000e+02
1.260000000000000000e+02
1.260000000000000000e+02
1.260000000000000000e+02
1.260000000000000000e+02
1.270000000000000000e+02
1.270000000000000000e+02
1.280000000000000000e+02
1.280000000000000000e+02
1.280000000000000000e+02
1.280000000000000000e+02
1.280000000000000000e+02
1.280000000000000000e+02
1.280000000000000000e+02
1.270000000000000000e+02
1.270000000000000000e+02
1.270000000000000000e+02
1.270000000000000000e+02
1.270000000000000000e+02
1.270000000000000000e+02
1.270000000000000000e+02
1.270000000000000000e+02
1.270000000000000000e+02
1.280000000000000000e+02
1.280000000000000000e+02
1.280000000000000000e+02
1.280000000000000000e+02
1.280000000000000000e+02
1.280000000000000000e+02
1.280000000000000000e+02
1.280000000000000000e+02
1.280000000000000000e+02
1.280000000000000000e+02
1.280000000000000000e+02
1.280000000000000000e+02
1.280000000000000000e+02
1.280000000000000000e+02
1.280000000000000000e+02
1.280000000000000000e+02
1.280000000000000000e+02
1.280000000000000000e+02
1.280000000000000000e+02
1.280000000000000000e+02
1.270000000000000000e+02
1.270000000000000000e+02
1.270000000000000000e+02
1.270000000000000000e+02
1.270000000000000000e+02
1.270000000000000000e+02
1.270000000000000000e+02
1.270000000000000000e+02
1.270000000000000000e+02
1.270000000000000000e+02
1.270000000000000000e+02
1.270000000000000000e+02
1.270000000000000000e+02
1.270000000000000000e+02
1.270000000000000000e+02
1.280000000000000000e+02
1.280000000000000000e+02
1.280000000000000000e+02
1.280000000000000000e+02
1.280000000000000000e+02
1.280000000000000000e+02
1.270000000000000000e+02
1.270000000000000000e+02
1.270000000000000000e+02
1.260000000000000000e+02
1.260000000000000000e+02
1.260000000000000000e+02
1.260000000000000000e+02
1.260000000000000000e+02
1.270000000000000000e+02
1.270000000000000000e+02
1.270000000000000000e+02
1.270000000000000000e+02
1.270000000000000000e+02
1.270000000000000000e+02
1.280000000000000000e+02
1.280000000000000000e+02
1.280000000000000000e+02
1.280000000000000000e+02
1.280000000000000000e+02
1.280000000000000000e+02
1.280000000000000000e+02
1.280000000000000000e+02
1.280000000000000000e+02
1.280000000000000000e+02
1.280000000000000000e+02
1.280000000000000000e+02
1.280000000000000000e+02
1.280000000000000000e+02
1.280000000000000000e+02
1.280000000000000000e+02
1.280000000000000000e+02
1.260000000000000000e+02
1.260000000000000000e+02
1.260000000000000000e+02
1.260000000000000000e+02
1.260000000000000000e+02
1.260000000000000000e+02
1.260000000000000000e+02
1.270000000000000000e+02
1.270000000000000000e+02
1.270000000000000000e+02
1.280000000000000000e+02
1.280000000000000000e+02
1.280000000000000000e+02
1.280000000000000000e+02
1.280000000000000000e+02
1.290000000000000000e+02
1.290000000000000000e+02
1.290000000000000000e+02
1.250000000000000000e+02
1.250000000000000000e+02
1.250000000000000000e+02
1.250000000000000000e+02
1.250000000000000000e+02
1.250000000000000000e+02
1.250000000000000000e+02
1.250000000000000000e+02
1.250000000000000000e+02
1.250000000000000000e+02
1.250000000000000000e+02
1.250000000000000000e+02
1.250000000000000000e+02
1.250000000000000000e+02
1.250000000000000000e+02
1.250000000000000000e+02
1.250000000000000000e+02
1.250000000000000000e+02
1.250000000000000000e+02
1.250000000000000000e+02
1.250000000000000000e+02
1.250000000000000000e+02
1.250000000000000000e+02
1.250000000000000000e+02
1.250000000000000000e+02
1.250000000000000000e+02
1.250000000000000000e+02
1.250000000000000000e+02
1.250000000000000000e+02
1.250000000000000000e+02
1.260000000000000000e+02
1.250000000000000000e+02
1.250000000000000000e+02
1.240000000000000000e+02
1.240000000000000000e+02
1.240000000000000000e+02
1.240000000000000000e+02
1.240000000000000000e+02
1.240000000000000000e+02
1.240000000000000000e+02
1.240000000000000000e+02
1.250000000000000000e+02
1.250000000000000000e+02
1.250000000000000000e+02
1.250000000000000000e+02
1.250000000000000000e+02
1.250000000000000000e+02
1.260000000000000000e+02
1.260000000000000000e+02
1.260000000000000000e+02
1.250000000000000000e+02
1.250000000000000000e+02
1.260000000000000000e+02
1.260000000000000000e+02
1.250000000000000000e+02
1.250000000000000000e+02
1.250000000000000000e+02
1.250000000000000000e+02
1.250000000000000000e+02
1.250000000000000000e+02
1.250000000000000000e+02
1.250000000000000000e+02
1.250000000000000000e+02
1.250000000000000000e+02
1.250000000000000000e+02
1.250000000000000000e+02
1.250000000000000000e+02
1.250000000000000000e+02
1.250000000000000000e+02
1.250000000000000000e+02
1.250000000000000000e+02
1.250000000000000000e+02
1.250000000000000000e+02
1.250000000000000000e+02
1.250000000000000000e+02
1.250000000000000000e+02
1.250000000000000000e+02
1.250000000000000000e+02
1.250000000000000000e+02
1.250000000000000000e+02
1.250000000000000000e+02
1.250000000000000000e+02
1.250000000000000000e+02
1.250000000000000000e+02
1.250000000000000000e+02
1.250000000000000000e+02
1.250000000000000000e+02
1.250000000000000000e+02
1.250000000000000000e+02
1.250000000000000000e+02
1.250000000000000000e+02
1.250000000000000000e+02
1.250000000000000000e+02
1.250000000000000000e+02
1.250000000000000000e+02
1.250000000000000000e+02
1.250000000000000000e+02
1.250000000000000000e+02
1.300000000000000000e+02
1.300000000000000000e+02
1.300000000000000000e+02
1.300000000000000000e+02
1.300000000000000000e+02
1.300000000000000000e+02
1.290000000000000000e+02
1.290000000000000000e+02
1.280000000000000000e+02
1.290000000000000000e+02
1.280000000000000000e+02
1.280000000000000000e+02
1.280000000000000000e+02
1.290000000000000000e+02
1.290000000000000000e+02
1.290000000000000000e+02
1.300000000000000000e+02
1.300000000000000000e+02
1.300000000000000000e+02
1.300000000000000000e+02
1.310000000000000000e+02
1.310000000000000000e+02
1.310000000000000000e+02
1.310000000000000000e+02
1.310000000000000000e+02
1.310000000000000000e+02
1.310000000000000000e+02
1.310000000000000000e+02
1.310000000000000000e+02
1.310000000000000000e+02
1.310000000000000000e+02
1.250000000000000000e+02
1.260000000000000000e+02
1.260000000000000000e+02
1.260000000000000000e+02
1.270000000000000000e+02
1.270000000000000000e+02
1.270000000000000000e+02
1.280000000000000000e+02
1.290000000000000000e+02
1.300000000000000000e+02
1.300000000000000000e+02
1.310000000000000000e+02
1.320000000000000000e+02
1.330000000000000000e+02
1.340000000000000000e+02
1.350000000000000000e+02
1.360000000000000000e+02
1.370000000000000000e+02
1.280000000000000000e+02
1.280000000000000000e+02
1.280000000000000000e+02
1.290000000000000000e+02
1.280000000000000000e+02
1.280000000000000000e+02
1.280000000000000000e+02
1.280000000000000000e+02
1.280000000000000000e+02
1.280000000000000000e+02
1.280000000000000000e+02
1.270000000000000000e+02
1.270000000000000000e+02
1.270000000000000000e+02
1.280000000000000000e+02
1.280000000000000000e+02
1.290000000000000000e+02
1.300000000000000000e+02
1.310000000000000000e+02
1.320000000000000000e+02
1.330000000000000000e+02
1.340000000000000000e+02
1.340000000000000000e+02
1.340000000000000000e+02
1.330000000000000000e+02
1.320000000000000000e+02
1.310000000000000000e+02
1.300000000000000000e+02
1.290000000000000000e+02
1.280000000000000000e+02
1.280000000000000000e+02
1.280000000000000000e+02
1.290000000000000000e+02
1.290000000000000000e+02
1.290000000000000000e+02
1.300000000000000000e+02
1.300000000000000000e+02
1.300000000000000000e+02
1.300000000000000000e+02
1.300000000000000000e+02
1.300000000000000000e+02
1.300000000000000000e+02
1.300000000000000000e+02
1.300000000000000000e+02
1.300000000000000000e+02
1.290000000000000000e+02
1.290000000000000000e+02
1.290000000000000000e+02
1.290000000000000000e+02
1.300000000000000000e+02
1.300000000000000000e+02
1.300000000000000000e+02
1.300000000000000000e+02
1.300000000000000000e+02
1.300000000000000000e+02
1.300000000000000000e+02
1.290000000000000000e+02
1.290000000000000000e+02
1.290000000000000000e+02
1.290000000000000000e+02
1.290000000000000000e+02
1.280000000000000000e+02
1.280000000000000000e+02
1.290000000000000000e+02
1.290000000000000000e+02
1.300000000000000000e+02
1.310000000000000000e+02
1.320000000000000000e+02
1.320000000000000000e+02
1.330000000000000000e+02
1.340000000000000000e+02
1.340000000000000000e+02
1.340000000000000000e+02
1.330000000000000000e+02
1.320000000000000000e+02
1.310000000000000000e+02
1.300000000000000000e+02
1.280000000000000000e+02
1.280000000000000000e+02
1.270000000000000000e+02
1.290000000000000000e+02
1.290000000000000000e+02
1.290000000000000000e+02
1.290000000000000000e+02
1.290000000000000000e+02
1.290000000000000000e+02
1.290000000000000000e+02
1.290000000000000000e+02
1.290000000000000000e+02
1.300000000000000000e+02
1.300000000000000000e+02
1.310000000000000000e+02
1.310000000000000000e+02
1.310000000000000000e+02
1.310000000000000000e+02
1.310000000000000000e+02
1.320000000000000000e+02
1.320000000000000000e+02
1.310000000000000000e+02
1.310000000000000000e+02
1.320000000000000000e+02
1.330000000000000000e+02
1.330000000000000000e+02
1.340000000000000000e+02
1.340000000000000000e+02
1.340000000000000000e+02
1.330000000000000000e+02
1.330000000000000000e+02
1.320000000000000000e+02
1.320000000000000000e+02
1.310000000000000000e+02
1.310000000000000000e+02
1.300000000000000000e+02
1.300000000000000000e+02
1.310000000000000000e+02
1.310000000000000000e+02
1.280000000000000000e+02
1.280000000000000000e+02
1.290000000000000000e+02
1.300000000000000000e+02
1.300000000000000000e+02
1.310000000000000000e+02
1.310000000000000000e+02
1.310000000000000000e+02
1.310000000000000000e+02
1.310000000000000000e+02
1.310000000000000000e+02
1.310000000000000000e+02
1.310000000000000000e+02
1.300000000000000000e+02
1.300000000000000000e+02
1.310000000000000000e+02
1.310000000000000000e+02
1.320000000000000000e+02
1.320000000000000000e+02
1.330000000000000000e+02
1.330000000000000000e+02
1.340000000000000000e+02
1.350000000000000000e+02
1.360000000000000000e+02
1.360000000000000000e+02
1.360000000000000000e+02
1.360000000000000000e+02
1.350000000000000000e+02
1.350000000000000000e+02
1.350000000000000000e+02
1.340000000000000000e+02
1.290000000000000000e+02
1.280000000000000000e+02
1.290000000000000000e+02
1.290000000000000000e+02
1.300000000000000000e+02
1.300000000000000000e+02
1.310000000000000000e+02
1.310000000000000000e+02
1.320000000000000000e+02
1.320000000000000000e+02
1.330000000000000000e+02
1.330000000000000000e+02
1.320000000000000000e+02
1.310000000000000000e+02
1.310000000000000000e+02
1.300000000000000000e+02
1.300000000000000000e+02
1.290000000000000000e+02
1.300000000000000000e+02
1.300000000000000000e+02
1.300000000000000000e+02
1.310000000000000000e+02
1.310000000000000000e+02
1.310000000000000000e+02
1.310000000000000000e+02
1.300000000000000000e+02
1.300000000000000000e+02
1.300000000000000000e+02
1.290000000000000000e+02
1.290000000000000000e+02
1.280000000000000000e+02
1.280000000000000000e+02
1.270000000000000000e+02
1.260000000000000000e+02
1.260000000000000000e+02
1.250000000000000000e+02
1.260000000000000000e+02
1.260000000000000000e+02
1.270000000000000000e+02
1.280000000000000000e+02
1.310000000000000000e+02
1.320000000000000000e+02
1.340000000000000000e+02
1.350000000000000000e+02
1.350000000000000000e+02
1.350000000000000000e+02
1.350000000000000000e+02
1.350000000000000000e+02
1.340000000000000000e+02
1.300000000000000000e+02
1.310000000000000000e+02
1.310000000000000000e+02
1.320000000000000000e+02
1.320000000000000000e+02
1.330000000000000000e+02
1.340000000000000000e+02
1.340000000000000000e+02
1.350000000000000000e+02
1.350000000000000000e+02
1.340000000000000000e+02
1.340000000000000000e+02
1.340000000000000000e+02
1.340000000000000000e+02
1.340000000000000000e+02
1.340000000000000000e+02
1.340000000000000000e+02
1.350000000000000000e+02
1.350000000000000000e+02
1.360000000000000000e+02
1.380000000000000000e+02
1.390000000000000000e+02
1.410000000000000000e+02
1.420000000000000000e+02
1.440000000000000000e+02
1.460000000000000000e+02
1.480000000000000000e+02
1.480000000000000000e+02
1.490000000000000000e+02
1.490000000000000000e+02
1.480000000000000000e+02
1.310000000000000000e+02
1.310000000000000000e+02
1.320000000000000000e+02
1.330000000000000000e+02
1.330000000000000000e+02
1.340000000000000000e+02
1.360000000000000000e+02
1.380000000000000000e+02
1.390000000000000000e+02
1.410000000000000000e+02
1.420000000000000000e+02
1.430000000000000000e+02
1.440000000000000000e+02
1.450000000000000000e+02
1.450000000000000000e+02
1.450000000000000000e+02
1.440000000000000000e+02
1.430000000000000000e+02
1.280000000000000000e+02
1.290000000000000000e+02
1.290000000000000000e+02
1.300000000000000000e+02
1.300000000000000000e+02
1.290000000000000000e+02
1.290000000000000000e+02
1.280000000000000000e+02
1.280000000000000000e+02
1.280000000000000000e+02
1.280000000000000000e+02
1.280000000000000000e+02
1.280000000000000000e+02
1.270000000000000000e+02
1.270000000000000000e+02
1.270000000000000000e+02
1.270000000000000000e+02
1.280000000000000000e+02
1.280000000000000000e+02
1.280000000000000000e+02
1.280000000000000000e+02
1.280000000000000000e+02
1.290000000000000000e+02
1.300000000000000000e+02
1.300000000000000000e+02
1.310000000000000000e+02
1.310000000000000000e+02
1.310000000000000000e+02
1.310000000000000000e+02
1.310000000000000000e+02
1.310000000000000000e+02
1.280000000000000000e+02
1.290000000000000000e+02
1.290000000000000000e+02
1.290000000000000000e+02
1.280000000000000000e+02
1.280000000000000000e+02
1.280000000000000000e+02
1.280000000000000000e+02
1.280000000000000000e+02
1.280000000000000000e+02
1.280000000000000000e+02
1.280000000000000000e+02
1.280000000000000000e+02
1.290000000000000000e+02
1.290000000000000000e+02
1.290000000000000000e+02
1.300000000000000000e+02
1.300000000000000000e+02
1.260000000000000000e+02
1.270000000000000000e+02
1.270000000000000000e+02
1.270000000000000000e+02
1.270000000000000000e+02
1.270000000000000000e+02
1.270000000000000000e+02
1.270000000000000000e+02
1.270000000000000000e+02
1.270000000000000000e+02
1.270000000000000000e+02
1.270000000000000000e+02
1.280000000000000000e+02
1.280000000000000000e+02
1.290000000000000000e+02
1.290000000000000000e+02
1.300000000000000000e+02
1.300000000000000000e+02
1.300000000000000000e+02
1.300000000000000000e+02
1.300000000000000000e+02
1.300000000000000000e+02
1.300000000000000000e+02
1.300000000000000000e+02
1.300000000000000000e+02
1.300000000000000000e+02
1.300000000000000000e+02
1.300000000000000000e+02
1.300000000000000000e+02
1.300000000000000000e+02
1.300000000000000000e+02
1.260000000000000000e+02
1.270000000000000000e+02
1.270000000000000000e+02
1.270000000000000000e+02
1.270000000000000000e+02
1.270000000000000000e+02
1.280000000000000000e+02
1.290000000000000000e+02
1.300000000000000000e+02
1.320000000000000000e+02
1.320000000000000000e+02
1.310000000000000000e+02
1.310000000000000000e+02
1.310000000000000000e+02
1.310000000000000000e+02
1.300000000000000000e+02
1.300000000000000000e+02
1.280000000000000000e+02
1.400000000000000000e+02
1.400000000000000000e+02
1.400000000000000000e+02
1.400000000000000000e+02
1.400000000000000000e+02
1.400000000000000000e+02
1.390000000000000000e+02
1.390000000000000000e+02
1.380000000000000000e+02
1.370000000000000000e+02
1.370000000000000000e+02
1.360000000000000000e+02
1.360000000000000000e+02
1.360000000000000000e+02
1.350000000000000000e+02
1.350000000000000000e+02
1.350000000000000000e+02
1.350000000000000000e+02
1.350000000000000000e+02
1.360000000000000000e+02
1.360000000000000000e+02
1.370000000000000000e+02
1.380000000000000000e+02
1.390000000000000000e+02
1.390000000000000000e+02
1.390000000000000000e+02
1.400000000000000000e+02
1.400000000000000000e+02
1.400000000000000000e+02
1.400000000000000000e+02
1.400000000000000000e+02
1.360000000000000000e+02
1.370000000000000000e+02
1.380000000000000000e+02
1.390000000000000000e+02
1.400000000000000000e+02
1.410000000000000000e+02
1.410000000000000000e+02
1.400000000000000000e+02
1.390000000000000000e+02
1.380000000000000000e+02
1.380000000000000000e+02
1.380000000000000000e+02
1.380000000000000000e+02
1.380000000000000000e+02
1.380000000000000000e+02
1.380000000000000000e+02
1.390000000000000000e+02
1.400000000000000000e+02
1.310000000000000000e+02
1.310000000000000000e+02
1.310000000000000000e+02
1.310000000000000000e+02
1.310000000000000000e+02
1.310000000000000000e+02
1.310000000000000000e+02
1.310000000000000000e+02
1.310000000000000000e+02
1.300000000000000000e+02
1.310000000000000000e+02
1.310000000000000000e+02
1.310000000000000000e+02
1.310000000000000000e+02
1.310000000000000000e+02
1.320000000000000000e+02
1.320000000000000000e+02
1.320000000000000000e+02
1.320000000000000000e+02
1.310000000000000000e+02
1.310000000000000000e+02
1.310000000000000000e+02
1.300000000000000000e+02
1.300000000000000000e+02
1.300000000000000000e+02
1.300000000000000000e+02
1.300000000000000000e+02
1.300000000000000000e+02
1.300000000000000000e+02
1.300000000000000000e+02
1.300000000000000000e+02
1.320000000000000000e+02
1.320000000000000000e+02
1.320000000000000000e+02
1.320000000000000000e+02
1.310000000000000000e+02
1.310000000000000000e+02
1.310000000000000000e+02
1.320000000000000000e+02
1.320000000000000000e+02
1.310000000000000000e+02
1.310000000000000000e+02
1.300000000000000000e+02
1.300000000000000000e+02
1.300000000000000000e+02
1.290000000000000000e+02
1.290000000000000000e+02
1.290000000000000000e+02
1.290000000000000000e+02
1.270000000000000000e+02
1.270000000000000000e+02
1.280000000000000000e+02
1.300000000000000000e+02
1.320000000000000000e+02
1.330000000000000000e+02
1.330000000000000000e+02
1.330000000000000000e+02
1.330000000000000000e+02
1.330000000000000000e+02
1.330000000000000000e+02
1.320000000000000000e+02
1.310000000000000000e+02
1.310000000000000000e+02
1.300000000000000000e+02
1.290000000000000000e+02
1.290000000000000000e+02
1.290000000000000000e+02
1.260000000000000000e+02
1.270000000000000000e+02
1.280000000000000000e+02
1.280000000000000000e+02
1.290000000000000000e+02
1.300000000000000000e+02
1.300000000000000000e+02
1.300000000000000000e+02
1.310000000000000000e+02
1.310000000000000000e+02
1.300000000000000000e+02
1.300000000000000000e+02
1.300000000000000000e+02
1.300000000000000000e+02
1.290000000000000000e+02
1.290000000000000000e+02
1.290000000000000000e+02
1.280000000000000000e+02
1.280000000000000000e+02
1.280000000000000000e+02
1.280000000000000000e+02
1.300000000000000000e+02
1.310000000000000000e+02
1.320000000000000000e+02
1.330000000000000000e+02
1.340000000000000000e+02
1.340000000000000000e+02
1.340000000000000000e+02
1.340000000000000000e+02
1.340000000000000000e+02
1.330000000000000000e+02
