0: 6.837397165588672 7.3484692283495345 6.06217782649107 6.0 4.69041575982343 
0: 7.92148975887743 4.242640687119285 0.8660254037844386 7.14142842854285 0.0 
0: 2.598076211353316 3.0 4.9749371855331 1.0 2.8284271247461903 
0: 10.712142642814275 7.0710678118654755 0.8660254037844386 5.656854249492381 0.0 
1: 13.444329659748751 8.48528137423857 6.383572667401852 4.69041575982343 2.8284271247461903 
1: 13.444329659748751 9.9498743710662 7.92148975887743 4.69041575982343 3.0 
1: 3.570714214271425 2.449489742783178 4.55521678957215 4.358898943540674 4.242640687119285 
0: 1.6583123951777 2.449489742783178 3.278719262151 2.0 3.4641016151377544 
0: 2.179449471770337 4.242640687119285 3.570714214271425 1.4142135623730951 1.4142135623730951 
0: 0.8660254037844386 3.4641016151377544 4.330127018922194 4.358898943540674 1.7320508075688772 
0: 7.54983443527075 8.18535277187245 7.14142842854285 11.575836902790225 4.0 
1: 4.242640687119285 6.0 5.744562646538029 5.0 3.4641016151377544 
1: 2.8284271247461903 9.899494936611665 1.7320508075688772 9.899494936611665 1.0 
1: 3.4641016151377544 8.717797887081348 4.69041575982343 7.3484692283495345 2.449489742783178 
1: 1.0 9.9498743710662 1.7320508075688772 7.681145747868608 1.0 
0: 12.727922061357855 8.54400374531753 0.0 3.4641016151377544 2.8284271247461903 
0: 17.233687939614086 17.08800749063506 3.4641016151377544 11.313708498984761 4.358898943540674 
0: 2.8284271247461903 6.689544080129826 19.8997487421324 15.945218719101975 9.899494936611665 
0: 1.0 3.570714214271425 15.84297951775486 12.971121771072847 8.54400374531753 
0: 1.0 3.570714214271425 9.0 8.5 4.358898943540674 
0: 5.656854249492381 3.840572873934304 7.14142842854285 12.010412149464313 1.7320508075688772 
1: 4.242640687119285 3.570714214271425 11.357816691600547 21.68524844220144 11.704699910719626 
0: 5.656854249492381 0.8660254037844386 3.4641016151377544 9.394147114027968 5.656854249492381 
0: 0.0 6.383572667401852 6.0 14.568802284333465 3.0 
0: 4.358898943540674 9.205976319760984 3.3166247903554 9.912113800799505 2.0 
0: 0.0 4.9749371855331 2.449489742783178 3.774917217635375 1.0 
0: 4.898979485566356 16.635804759614125 3.0 17.153716798408443 0.0 
0: 6.6332495807108 4.242640687119285 11.0 8.246211251235321 2.449489742783178 
0: 8.48528137423857 1.4142135623730951 6.164414002968976 15.0 2.0 
0: 4.242640687119285 0.0 6.928203230275509 15.588457268119896 3.0 
0: 1.7320508075688772 1.4142135623730951 5.744562646538029 2.8284271247461903 2.449489742783178 
0: 0.0 1.7320508075688772 0.0 1.7320508075688772 1.4142135623730951 
0: 2.8284271247461903 7.3484692283495345 3.4641016151377544 4.0 2.449489742783178 
0: 4.358898943540674 15.362291495737216 4.242640687119285 11.445523142259598 3.0 
0: 11.489125293076057 3.0 9.669539802906858 1.224744871391589 6.837397165588672 
0: 7.14142842854285 4.242640687119285 0.7071067811865476 2.345207879911715 2.179449471770337 
1: 3.0 4.358898943540674 3.082207001484488 5.049752469181039 3.278719262151 
1: 5.744562646538029 5.656854249492381 2.1213203435596424 6.363961030678928 1.6583123951777 
0: 2.8284271247461903 1.0 2.9154759474226504 3.5355339059327378 2.598076211353316 
0: 1.4142135623730951 1.0 3.082207001484488 2.1213203435596424 1.6583123951777 
0: 5.656854249492381 1.0 3.5355339059327378 1.224744871391589 2.179449471770337 
0: 10.099504938362077 11.357816691600547 1.224744871391589 10.653637876331258 3.570714214271425 
0: 1.7320508075688772 1.0 2.345207879911715 9.192388155425117 1.6583123951777 
0: 7.14142842854285 1.7320508075688772 7.035623639735144 4.06201920231798 3.278719262151 
0: 4.358898943540674 3.0 2.0 4.242640687119285 1.0 
0: 1.0 1.0 1.7320508075688772 0.0 1.7320508075688772 
0: 2.8284271247461903 0.0 0.0 4.358898943540674 0.0 
1: 4.358898943540674 3.4641016151377544 3.0 2.449489742783178 4.242640687119285 
1: 3.0 6.0 3.0 1.7320508075688772 4.242640687119285 
0: 4.358898943540674 4.358898943540674 1.4142135623730951 4.242640687119285 1.0 
0: 7.14142842854285 1.7320508075688772 3.0 2.8284271247461903 1.7320508075688772 
0: 15.588457268119896 31.89043743820395 9.313968005098578 21.0 7.842193570679061 
0: 0.0 1.7320508075688772 3.570714214271425 3.4641016151377544 2.1213203435596424 
0: 1.0 4.242640687119285 5.172040216394301 11.313708498984761 1.224744871391589 
0: 0.0 2.8284271247461903 2.179449471770337 7.14142842854285 0.7071067811865476 
0: 5.830951894845301 14.2828568570857 3.570714214271425 13.076696830622021 1.224744871391589 
0: 4.69041575982343 9.9498743710662 0.8660254037844386 15.556349186104045 2.1213203435596424 
0: 7.681145747868608 2.449489742783178 2.598076211353316 12.727922061357855 2.345207879911715 
1: 5.656854249492381 3.0 8.52936105461599 3.0 4.527692569068709 
1: 4.358898943540674 3.0 5.722761571129799 10.099504938362077 4.527692569068709 
1: 1.4142135623730951 1.4142135623730951 1.6583123951777 7.0710678118654755 0.7071067811865476 
1: 12.884098726725126 33.49626844888845 9.9498743710662 32.38826948140329 5.656854249492381 
1: 3.0 2.449489742783178 0.0 7.3484692283495345 0.0 
1: 0.0 1.7320508075688772 4.358898943540674 1.4142135623730951 3.0 
1: 1.4142135623730951 0.0 9.9498743710662 1.0 6.0 
1: 5.744562646538029 1.4142135623730951 6.0 1.0 1.4142135623730951 
1: 1.7320508075688772 1.4142135623730951 3.0 2.8284271247461903 4.358898943540674 
1: 17.08800749063506 3.4641016151377544 1.4142135623730951 6.0 5.656854249492381 
1: 6.363961030678928 6.363961030678928 7.7781745930520225 13.665650368716449 7.22841614740048 
1: 0.7071067811865476 4.949747468305833 2.1213203435596424 8.52936105461599 3.5 
1: 9.40744386111339 4.06201920231798 2.1213203435596424 12.031209415515965 3.774917217635375 
1: 14.33527118683145 7.7781745930520225 1.224744871391589 5.172040216394301 2.5 
0: 0.7071067811865476 6.363961030678928 2.1213203435596424 7.794228634059948 1.5 
0: 4.527692569068709 2.9154759474226504 6.442049363362563 7.92148975887743 4.272001872658765 
0: 2.345207879911715 2.1213203435596424 4.949747468305833 5.172040216394301 4.272001872658765 
0: 4.06201920231798 24.093567606313517 4.06201920231798 13.518505834595775 3.774917217635375 
0: 35.7980446393375 43.23771501825692 5.431390245600108 42.22262426709169 5.5 
0: 9.669539802906858 24.76893215300167 9.82344135219425 35.25265947414464 7.88986691902975 
0: 12.806248474865697 11.789826122551595 7.3484692283495345 12.24744871391589 4.69041575982343 
0: 5.196152422706632 8.12403840463596 14.177446878757825 20.688160865577203 8.54400374531753 
1: 4.242640687119285 4.358898943540674 2.8284271247461903 4.69041575982343 0.0 
1: 2.8284271247461903 2.8284271247461903 3.0 3.0 5.744562646538029 
1: 0.0 0.0 1.4142135623730951 8.717797887081348 4.242640687119285 
1: 1.7320508075688772 17.08800749063506 2.8284271247461903 31.11269837220809 2.8284271247461903 
1: 26.40075756488817 43.88621651498338 2.0 52.364109846344185 1.7320508075688772 
0: 5.196152422706632 25.03996805109783 9.0 31.0322412983658 8.48528137423857 
0: 7.3484692283495345 26.095976701399778 2.0 25.729360660537214 2.8284271247461903 
0: 0.0 1.7320508075688772 6.557438524302 11.357816691600547 3.3166247903554 
0: 5.656854249492381 5.656854249492381 6.928203230275509 12.767145334803704 3.4641016151377544 
0: 2.8284271247461903 2.8284271247461903 1.4142135623730951 0.0 1.0 
1: 9.0 20.688160865577203 15.84297951775486 24.124676163629637 12.884098726725126 
1: 8.0 8.0 0.0 10.63014581273465 4.242640687119285 
0: 14.857657958103626 13.076696830622021 21.360009363293827 21.459263733874934 16.38596960817394 
0: 3.278719262151 20.024984394500787 25.5 37.006756139926665 17.790446874657196 
1: 20.512191496766015 4.898979485566356 24.171263930543642 36.66742423459821 16.537835408541227 
1: 9.836157786453 7.681145747868608 14.150971698084906 6.442049363362563 9.192388155425117 
1: 4.9749371855331 4.0 10.5 10.606601717798213 7.035623639735144 
1: 6.06217782649107 4.123105625617661 13.047988350699889 17.67766952966369 7.035623639735144 
1: 5.722761571129799 3.3166247903554 6.946221994724902 16.263455967290593 3.6742346141747673 
1: 9.526279441628825 6.164414002968976 1.5 13.47219358530748 2.1213203435596424 
1: 7.399324293474371 6.164414002968976 1.5 13.47219358530748 0.7071067811865476 
1: 7.399324293474371 7.0 1.5 21.295539439046856 1.224744871391589 
0: 5.049752469181039 17.327723451163457 7.794228634059948 16.393596310755 6.363961030678928 
0: 6.363961030678928 18.553975315279473 0.8660254037844386 25.194245374688244 2.1213203435596424 
1: 4.949747468305833 15.628499608087784 6.5383484153110105 20.512191496766015 4.06201920231798 
1: 3.5355339059327378 11.412712210513327 6.5383484153110105 23.510635891017493 4.949747468305833 
0: 3.082207001484488 3.2015621187164243 5.545268253204709 5.172040216394301 3.6742346141747673 
0: 7.516648189186454 4.5 0.8660254037844386 8.986100377805714 2.345207879911715 
0: 3.082207001484488 9.604686356149273 5.172040216394301 9.096702699330127 5.338539126015656 
0: 14.882876066137216 12.816005617976296 2.598076211353316 5.172040216394301 3.6742346141747673 
0: 29.824486584013478 49.277276710467675 15.898113095584646 47.167255591140766 7.035623639735144 
0: 2.1213203435596424 10.012492197250394 19.868316486305527 46.5483619475487 11.335784048754634 
0: 1.0 4.123105625617661 24.372115213907882 50.91168824543142 17.08800749063506 
0: 1.7320508075688772 7.14142842854285 26.153393661244042 48.249352327259274 17.08800749063506 
1: 3.0 0.0 9.9498743710662 4.123105625617661 5.656854249492381 
1: 3.3166247903554 3.0 2.449489742783178 6.4031242374328485 1.0 
1: 5.196152422706632 1.0 2.0 2.449489742783178 0.0 
0: 5.656854249492381 12.727922061357855 5.744562646538029 2.0 1.4142135623730951 
0: 7.14142842854285 22.715633383201094 7.0710678118654755 10.677078252031311 2.8284271247461903 
0: 0.0 0.0 1.4142135623730951 0.0 0.0 
0: 0.0 0.0 0.0 3.0 2.8284271247461903 
0: 1.4142135623730951 2.8284271247461903 4.242640687119285 1.7320508075688772 1.7320508075688772 
0: 0.0 1.4142135623730951 1.4142135623730951 3.0 1.7320508075688772 
0: 0.0 1.4142135623730951 1.0 1.0 1.0 
1: 1.4142135623730951 1.0 4.358898943540674 1.4142135623730951 1.4142135623730951 
1: 0.0 0.0 2.8284271247461903 0.0 4.242640687119285 
0: 1.4142135623730951 0.8660254037844386 16.635804759614125 3.2015621187164243 16.24807680927192 
0: 0.0 0.8660254037844386 13.219304066402286 3.2015621187164243 13.30413469565007 
1: 0.0 0.8660254037844386 5.172040216394301 0.5 3.0 
1: 0.0 2.179449471770337 0.8660254037844386 5.852349955359813 2.8284271247461903 
1: 1.7320508075688772 3.840572873934304 4.9749371855331 12.971121771072847 7.0710678118654755 
1: 1.0 2.598076211353316 2.598076211353316 6.652067347825035 2.0 
1: 1.0 2.598076211353316 1.6583123951777 5.5 1.0 
1: 3.0 3.570714214271425 3.570714214271425 0.5 2.0 
1: 3.0 3.840572873934304 0.8660254037844386 2.0615528128088303 3.4641016151377544 
0: 4.358898943540674 5.172040216394301 1.6583123951777 7.5 2.8284271247461903 
0: 25.46075411294803 11.324751652906125 2.449489742783178 2.345207879911715 2.179449471770337 
0: 4.5 7.088723439378913 3.0 3.6742346141747673 0.8660254037844386 
0: 4.924428900898052 1.5 7.681145747868608 2.345207879911715 7.794228634059948 
0: 19.189841062395487 38.577843381920665 1.7320508075688772 36.28360511305347 0.8660254037844386 
0: 8.845903006477066 32.98863440641337 8.660254037844387 35.00714212842859 4.9749371855331 
0: 9.912113800799505 24.088378940891808 11.704699910719626 24.92990172463582 9.205976319760984 
0: 7.5 18.445866745696716 6.0 14.882876066137216 2.179449471770337 
1: 47.11952886012338 23.286262044390035 7.681145747868608 8.336666000266533 5.172040216394301 
1: 23.070543990118654 12.175795661885921 8.717797887081348 6.363961030678928 4.9749371855331 
1: 4.5 3.774917217635375 16.34013463836819 22.814469093099667 12.519984025548915 
0: 13.30413469565007 5.830951894845301 11.575836902790225 7.54983443527075 5.656854249492381 
0: 4.242640687119285 4.69041575982343 10.677078252031311 6.557438524302 5.196152422706632 
0: 8.0 1.0 4.123105625617661 11.313708498984761 2.449489742783178 
1: 6.0 10.677078252031311 5.656854249492381 4.69041575982343 1.4142135623730951 
1: 1.7320508075688772 5.830951894845301 4.242640687119285 2.0 3.4641016151377544 
1: 13.341664064126334 9.38083151964686 0.0 4.242640687119285 0.0 
1: 18.384776310850235 28.284271247461902 4.0 24.041630560342615 2.449489742783178 
0: 0.0 9.82344135219425 6.4031242374328485 11.554220008291344 2.8722813232690143 
0: 2.449489742783178 17.334935823359714 1.4142135623730951 5.431390245600108 0.5 
0: 2.0 4.06201920231798 1.7320508075688772 4.636809247747852 0.5 
0: 2.8284271247461903 0.7071067811865476 1.4142135623730951 1.224744871391589 2.8722813232690143 
0: 11.357816691600547 2.345207879911715 3.4641016151377544 2.345207879911715 4.5 
0: 1.7320508075688772 0.7071067811865476 7.14142842854285 1.224744871391589 5.852349955359813 
0: 5.656854249492381 9.192388155425117 4.358898943540674 6.670832032063167 2.8722813232690143 
1: 3.0 7.842193570679061 1.7320508075688772 7.516648189186454 1.5 
1: 5.744562646538029 18.66815470259447 7.14142842854285 17.902513789968157 8.616843969807043 
1: 2.449489742783178 12.020815280171307 6.928203230275509 21.94310825749169 1.5 
0: 7.3484692283495345 7.681145747868608 1.0 6.0 1.0 
0: 2.0 11.090536506409418 1.7320508075688772 11.357816691600547 2.8284271247461903 
0: 7.14142842854285 9.9498743710662 9.9498743710662 18.411952639521967 3.0 
1: 4.69041575982343 9.899494936611665 3.4641016151377544 5.744562646538029 1.0 
1: 1.0 1.0 2.8284271247461903 9.899494936611665 1.4142135623730951 
1: 7.0710678118654755 9.9498743710662 1.7320508075688772 21.213203435596427 1.7320508075688772 
1: 11.313708498984761 12.767145334803704 6.928203230275509 24.06241883103193 5.744562646538029 
0: 2.0 3.082207001484488 3.082207001484488 7.22841614740048 4.5 
0: 3.4641016151377544 5.338539126015656 2.345207879911715 10.5 1.5 
1: 11.313708498984761 10.793516572461451 2.345207879911715 11.586630226256467 6.18465843842649 
1: 3.0 2.1213203435596424 1.224744871391589 4.5 2.0615528128088303 
0: 1.4142135623730951 0.7071067811865476 21.011901389450696 5.5 20.5 
0: 0.0 1.224744871391589 19.63415391607186 6.652067347825035 19.551214796017153 
0: 0.0 2.1213203435596424 24.259018941416407 8.616843969807043 22.5 
0: 5.196152422706632 5.049752469181039 8.031189202104505 1.5 8.616843969807043 
0: 6.0 10.606601717798213 10.024968827881711 10.012492197250394 7.5 
0: 9.0 9.246621004453464 3.6742346141747673 5.852349955359813 1.5 
0: 3.3166247903554 6.6332495807108 4.242640687119285 11.0 3.4641016151377544 
1: 5.744562646538029 4.242640687119285 0.0 4.0 0.0 
1: 7.0710678118654755 6.0 4.242640687119285 4.69041575982343 4.358898943540674 
0: 3.0 7.0710678118654755 1.7320508075688772 8.48528137423857 4.69041575982343 
0: 1.7320508075688772 2.0 13.0 4.898979485566356 12.0 
0: 4.242640687119285 8.54400374531753 25.15949125081825 9.38083151964686 24.657656011875904 
0: 5.744562646538029 8.54400374531753 25.98076211353316 12.36931687685298 25.96150997149434 
0: 9.899494936611665 4.358898943540674 3.3166247903554 15.84297951775486 4.242640687119285 
0: 2.8284271247461903 2.0 2.0 8.12403840463596 4.358898943540674 
0: 1.4142135623730951 1.4142135623730951 1.0 0.0 1.0 
0: 4.242640687119285 5.196152422706632 3.4641016151377544 9.797958971132712 4.123105625617661 
1: 4.358898943540674 4.358898943540674 0.0 10.392304845413264 4.242640687119285 
1: 2.0 1.0 7.3484692283495345 2.8284271247461903 7.0710678118654755 
0: 2.0 3.3166247903554 6.4031242374328485 4.0 5.196152422706632 
0: 3.082207001484488 6.041522986797286 5.315072906367325 10.63014581273465 5.0 
0: 4.527692569068709 6.041522986797286 1.5 10.63014581273465 5.0 
0: 3.082207001484488 5.431390245600108 4.5 9.055385138137417 5.656854249492381 
0: 2.1213203435596424 3.082207001484488 3.5 5.744562646538029 4.0 
1: 2.1213203435596424 1.224744871391589 7.762087348130012 1.0 6.0 
1: 4.06201920231798 2.345207879911715 6.652067347825035 1.7320508075688772 6.164414002968976 
1: 6.363961030678928 2.1213203435596424 2.0615528128088303 8.0 5.744562646538029 
0: 10.024968827881711 18.694919095839918 12.257650672131263 26.94438717061496 10.392304845413264 
0: 18.66815470259447 22.814469093099667 2.0615528128088303 35.832945734337834 0.0 
0: 18.66815470259447 22.39419567655869 3.2015621187164243 36.45545226711637 3.4641016151377544 
1: 5.744562646538029 3.5355339059327378 6.670832032063167 4.5 2.598076211353316 
1: 1.7320508075688772 2.345207879911715 5.049752469181039 4.272001872658765 3.570714214271425 
0: 1.4142135623730951 4.06201920231798 1.224744871391589 17.613914953808536 0.8660254037844386 
0: 1.7320508075688772 1.224744871391589 0.7071067811865476 12.010412149464313 0.8660254037844386 
0: 10.677078252031311 0.7071067811865476 9.246621004453464 4.924428900898052 4.9749371855331 
0: 12.0 1.224744871391589 9.40744386111339 6.18465843842649 4.9749371855331 
0: 2.449489742783178 1.224744871391589 0.7071067811865476 1.5 3.570714214271425 
0: 0.0 1.224744871391589 5.049752469181039 4.716990566028302 2.179449471770337 
0: 1.0 1.224744871391589 2.1213203435596424 4.5 0.8660254037844386 
0: 0.0 1.224744871391589 5.787918451395113 6.5 1.6583123951777 
0: 5.0 5.196152422706632 33.94112549695428 0.0 17.0 
0: 2.449489742783178 1.0 15.84297951775486 7.681145747868608 5.744562646538029 
1: 3.0 2.0 0.0 9.38083151964686 1.0 
1: 3.0 1.0 4.358898943540674 4.242640687119285 0.0 
1: 9.899494936611665 1.4142135623730951 6.0 4.898979485566356 1.7320508075688772 
1: 19.8997487421324 6.6332495807108 7.0 19.467922333931785 4.0 
1: 11.575836902790225 9.055385138137417 5.830951894845301 25.45584412271571 1.7320508075688772 
0: 2.5 7.516648189186454 2.8722813232690143 10.5 1.4142135623730951 
0: 2.0615528128088303 0.7071067811865476 2.8722813232690143 1.5 1.4142135623730951 
0: 1.5 1.224744871391589 4.272001872658765 1.5 0.0 
0: 0.5 1.224744871391589 2.0615528128088303 2.5 3.0 
0: 3.2015621187164243 1.224744871391589 0.5 2.8722813232690143 0.0 
0: 2.8722813232690143 2.9154759474226504 1.5 2.0615528128088303 1.7320508075688772 
0: 4.716990566028302 5.049752469181039 0.5 1.5 1.0 
1: 2.8722813232690143 0.7071067811865476 2.8722813232690143 2.0615528128088303 1.4142135623730951 
1: 2.8722813232690143 2.9154759474226504 1.5 1.5 2.0 
1: 4.272001872658765 2.1213203435596424 3.774917217635375 3.5 3.4641016151377544 
0: 3.0 5.196152422706632 1.4142135623730951 17.4928556845359 0.0 
0: 8.54400374531753 14.696938456699069 4.69041575982343 18.49324200890693 1.4142135623730951 
1: 11.313708498984761 12.727922061357855 3.4641016151377544 11.704699910719626 1.7320508075688772 
1: 1.4142135623730951 1.0 1.7320508075688772 1.0 1.0 
1: 0.0 2.8284271247461903 2.0 11.489125293076057 2.449489742783178 
1: 3.0 1.4142135623730951 2.449489742783178 14.142135623730951 2.449489742783178 
1: 0.0 1.0 6.4031242374328485 11.313708498984761 4.69041575982343 
0: 5.196152422706632 3.2015621187164243 3.6742346141747673 5.049752469181039 2.0 
0: 1.7320508075688772 5.678908345800274 8.031189202104505 5.049752469181039 7.0710678118654755 
0: 1.4142135623730951 1.5 3.5355339059327378 3.6742346141747673 1.7320508075688772 
0: 10.344080432788601 1.5 5.338539126015656 1.224744871391589 2.0 
0: 1.4142135623730951 1.5 1.224744871391589 1.224744871391589 1.7320508075688772 
1: 4.242640687119285 1.5 2.1213203435596424 2.1213203435596424 0.0 
1: 4.358898943540674 1.5 2.1213203435596424 0.7071067811865476 3.0 
1: 7.3484692283495345 2.5 1.224744871391589 2.1213203435596424 4.69041575982343 
1: 4.123105625617661 1.5 3.6742346141747673 2.345207879911715 1.0 
1: 13.076696830622021 10.688779163215974 4.06201920231798 11.022703842524301 2.0 
0: 8.48528137423857 13.856406460551018 5.744562646538029 14.52583904633395 4.898979485566356 
1: 6.0 12.12435565298214 1.0 7.54983443527075 1.7320508075688772 
1: 2.8284271247461903 0.0 1.4142135623730951 0.0 0.0 
1: 4.69041575982343 2.0 3.0 2.0 5.656854249492381 
1: 1.0 1.0 3.0 3.3166247903554 1.7320508075688772 
1: 4.358898943540674 0.0 1.4142135623730951 1.7320508075688772 0.0 
1: 2.8284271247461903 2.449489742783178 0.0 1.7320508075688772 0.0 
0: 0.5 2.598076211353316 3.082207001484488 4.9749371855331 2.0 
1: 1.5 4.9749371855331 0.7071067811865476 3.278719262151 0.0 
1: 7.22841614740048 13.518505834595775 2.345207879911715 5.894913061275798 1.7320508075688772 
0: 9.17877987534291 7.262919523166975 4.06201920231798 9.526279441628825 4.358898943540674 
0: 10.21028892833107 24.794152536434876 7.035623639735144 48.99744891318323 11.357816691600547 
0: 12.579745625409124 21.230873745562146 1.224744871391589 37.5066660741794 4.358898943540674 
0: 11.84271928232701 5.545268253204709 0.7071067811865476 19.09842925478428 0.0 
0: 2.8722813232690143 7.794228634059948 1.224744871391589 8.52936105461599 1.0 
0: 0.5 2.598076211353316 8.031189202104505 3.840572873934304 1.7320508075688772 
0: 7.22841614740048 18.83480820183736 3.5355339059327378 19.20286436967152 0.0 
0: 4.898979485566356 4.898979485566356 7.681145747868608 15.588457268119896 4.69041575982343 
0: 4.898979485566356 5.196152422706632 4.242640687119285 14.142135623730951 1.7320508075688772 
1: 15.588457268119896 19.79898987322333 1.4142135623730951 15.0 2.8284271247461903 
1: 3.0 3.0 2.8284271247461903 4.0 0.0 
1: 5.656854249492381 9.0 1.0 14.696938456699069 1.0 
1: 4.69041575982343 12.767145334803704 5.196152422706632 15.684387141358123 1.0 
1: 6.0 10.099504938362077 5.196152422706632 21.307275752662516 1.4142135623730951 
0: 4.123105625617661 4.69041575982343 10.099504938362077 16.97056274847714 6.6332495807108 
0: 6.0 7.14142842854285 4.0 17.0 3.0 
0: 0.0 0.0 5.656854249492381 0.0 1.4142135623730951 
0: 1.0 0.0 1.4142135623730951 0.0 0.0 
1: 1.4142135623730951 7.3484692283495345 3.3166247903554 17.233687939614086 2.0 
1: 2.8284271247461903 1.0 7.14142842854285 2.8284271247461903 3.0 
1: 2.8284271247461903 7.3484692283495345 7.54983443527075 17.233687939614086 14.696938456699069 
0: 1.7320508075688772 1.224744871391589 5.049752469181039 8.54400374531753 6.689544080129826 
1: 1.7320508075688772 1.224744871391589 2.1213203435596424 14.177446878757825 4.9749371855331 
1: 0.0 3.5355339059327378 2.345207879911715 15.684387141358123 7.794228634059948 
1: 1.4142135623730951 9.192388155425117 2.1213203435596424 20.024984394500787 7.92148975887743 
1: 3.0 0.7071067811865476 3.5355339059327378 1.0 5.172040216394301 
1: 2.0 2.345207879911715 4.06201920231798 0.0 2.598076211353316 
1: 1.7320508075688772 2.9154759474226504 3.082207001484488 7.0710678118654755 2.598076211353316 
1: 2.0 8.336666000266533 5.049752469181039 9.899494936611665 6.5383484153110105 
1: 4.242640687119285 24.76893215300167 3.6742346141747673 25.475478405713993 7.794228634059948 
1: 11.357816691600547 43.14510400960925 2.345207879911715 36.823905279043935 4.9749371855331 
0: 2.598076211353316 2.0615528128088303 2.0615528128088303 1.224744871391589 0.0 
0: 3.570714214271425 4.272001872658765 8.5 10.793516572461451 8.54400374531753 
0: 0.8660254037844386 1.5 2.8722813232690143 3.6742346141747673 5.656854249492381 
0: 4.9749371855331 7.088723439378913 10.012492197250394 14.983324063771697 3.4641016151377544 
0: 3.570714214271425 2.8722813232690143 2.0615528128088303 3.082207001484488 2.8284271247461903 
0: 2.598076211353316 1.5 2.8722813232690143 4.527692569068709 1.4142135623730951 
1: 12.278029157808675 10.5 11.412712210513327 12.389511693363866 4.358898943540674 
1: 6.06217782649107 7.5 7.5 6.670832032063167 3.0 
1: 22.06241147291021 16.194134740701646 2.8722813232690143 8.031189202104505 1.0 
1: 23.382685902179844 22.89650628371062 4.5 3.6742346141747673 1.7320508075688772 
0: 8.54400374531753 8.717797887081348 18.76166303929372 41.376321731154405 5.830951894845301 
1: 5.744562646538029 3.0 7.14142842854285 2.8284271247461903 1.0 
1: 3.0 1.0 2.0 3.4641016151377544 4.358898943540674 
1: 1.0 1.4142135623730951 6.0 1.7320508075688772 8.54400374531753 
1: 1.4142135623730951 0.0 4.123105625617661 1.0 7.0710678118654755 
1: 16.06237840420901 8.54400374531753 1.4142135623730951 1.4142135623730951 0.0 
1: 19.8997487421324 19.8997487421324 0.0 8.54400374531753 0.0 
0: 0.0 4.242640687119285 13.076696830622021 3.0 1.4142135623730951 
0: 1.4142135623730951 5.656854249492381 7.14142842854285 2.0 0.0 
0: 0.0 5.656854249492381 2.8284271247461903 2.449489742783178 1.4142135623730951 
0: 1.4142135623730951 1.7320508075688772 1.0 1.4142135623730951 1.0 
1: 5.656854249492381 4.69041575982343 4.242640687119285 3.0 2.8284271247461903 
1: 2.8284271247461903 0.0 3.4641016151377544 5.656854249492381 1.7320508075688772 
1: 1.0 3.3166247903554 2.449489742783178 4.358898943540674 1.7320508075688772 
1: 4.242640687119285 4.242640687119285 0.5 2.345207879911715 1.224744871391589 
1: 1.4142135623730951 2.8284271247461903 8.5 3.5355339059327378 0.7071067811865476 
1: 1.4142135623730951 1.4142135623730951 3.774917217635375 2.1213203435596424 1.224744871391589 
1: 1.4142135623730951 1.4142135623730951 3.2015621187164243 0.7071067811865476 2.345207879911715 
1: 0.0 2.8284271247461903 4.5 6.670832032063167 2.1213203435596424 
1: 2.8284271247461903 1.7320508075688772 2.0615528128088303 1.224744871391589 2.1213203435596424 
1: 0.0 1.7320508075688772 4.924428900898052 3.6742346141747673 1.224744871391589 
1: 1.0 1.7320508075688772 10.5 16.294170736800325 3.6742346141747673 
1: 1.0 3.0 4.5 16.294170736800325 0.7071067811865476 
1: 1.4142135623730951 4.242640687119285 0.5 14.882876066137216 2.345207879911715 
0: 14.696938456699069 15.684387141358123 2.8284271247461903 6.4031242374328485 0.0 
0: 13.076696830622021 7.14142842854285 1.7320508075688772 7.14142842854285 1.0 
0: 8.54400374531753 5.656854249492381 3.4641016151377544 2.8284271247461903 1.7320508075688772 
1: 1.0 2.0 2.0 3.4641016151377544 0.0 
1: 5.744562646538029 5.744562646538029 0.0 1.7320508075688772 0.0 
1: 2.8284271247461903 7.14142842854285 1.0 1.4142135623730951 1.0 
1: 7.0710678118654755 7.14142842854285 3.4641016151377544 1.0 2.449489742783178 
0: 18.714967272212903 12.668859459319927 11.157956802210698 10.874281585465774 3.774917217635375 
0: 14.568802284333465 10.024968827881711 6.123724356957945 9.604686356149273 3.774917217635375 
0: 11.586630226256467 7.516648189186454 1.224744871391589 6.18465843842649 1.5 
1: 6.652067347825035 2.345207879911715 0.7071067811865476 4.272001872658765 0.5 
1: 6.652067347825035 3.6742346141747673 0.7071067811865476 2.8722813232690143 0.5 
1: 6.652067347825035 2.9154759474226504 1.224744871391589 2.8722813232690143 0.5 
1: 11.324751652906125 9.40744386111339 0.7071067811865476 3.2015621187164243 0.5 
1: 11.324751652906125 10.606601717798213 1.224744871391589 5.678908345800274 1.5 
1: 12.816005617976296 14.849242404917497 1.224744871391589 9.912113800799505 1.5 
1: 12.737739202856996 20.506096654409877 7.842193570679061 35.443617196894564 0.5 
0: 1.224744871391589 2.449489742783178 15.173990905493518 26.40075756488817 7.92148975887743 
0: 6.442049363362563 21.307275752662516 17.327723451163457 30.116440692751194 6.5383484153110105 
0: 2.345207879911715 16.06237840420901 13.047988350699889 7.3484692283495345 4.330127018922194 
1: 6.442049363362563 5.656854249492381 5.678908345800274 13.076696830622021 6.383572667401852 
1: 1.224744871391589 1.4142135623730951 1.5 15.684387141358123 1.6583123951777 
0: 2.1213203435596424 5.744562646538029 7.22841614740048 21.587033144922902 5.172040216394301 
0: 1.224744871391589 1.4142135623730951 21.17191535974013 10.344080432788601 17.514279888136993 
0: 0.7071067811865476 2.8284271247461903 14.84082207965583 7.3484692283495345 15.5161206491829 
0: 0.7071067811865476 2.8284271247461903 1.5 15.684387141358123 2.598076211353316 
0: 2.1213203435596424 2.449489742783178 10.874281585465774 36.98648401781386 6.383572667401852 
0: 3.0 5.656854249492381 12.0 26.94438717061496 6.0 
0: 7.0710678118654755 9.9498743710662 8.48528137423857 27.16615541441225 2.8284271247461903 
1: 2.8284271247461903 1.0 1.0 2.449489742783178 1.4142135623730951 
1: 4.242640687119285 1.4142135623730951 3.0 0.0 1.7320508075688772 
0: 0.0 0.0 1.7320508075688772 4.242640687119285 1.0 
0: 1.7320508075688772 5.744562646538029 11.357816691600547 17.435595774162696 5.656854249492381 
0: 1.7320508075688772 5.744562646538029 19.82422760159901 23.40939982143925 11.357816691600547 
0: 5.545268253204709 21.365860619221497 11.704699910719626 17.0 14.857657958103626 
0: 6.5383484153110105 15.378556499229699 10.344080432788601 18.49324200890693 15.058220346375597 
0: 3.570714214271425 2.1213203435596424 6.0 8.54400374531753 6.06217782649107 
0: 0.8660254037844386 2.1213203435596424 4.358898943540674 1.0 3.570714214271425 
0: 4.9749371855331 4.949747468305833 7.14142842854285 9.899494936611665 5.172040216394301 
1: 4.9749371855331 6.363961030678928 9.9498743710662 2.8284271247461903 3.840572873934304 
1: 2.179449471770337 6.442049363362563 9.0 0.0 5.545268253204709 
1: 0.8660254037844386 13.910427743243556 17.69180601295413 1.7320508075688772 10.897247358851684 
0: 3.570714214271425 4.949747468305833 4.358898943540674 6.0 3.570714214271425 
0: 4.9749371855331 4.06201920231798 10.099504938362077 6.0 9.526279441628825 
0: 5.830951894845301 1.0 3.0 8.12403840463596 2.449489742783178 
0: 2.0 1.0 2.449489742783178 1.7320508075688772 3.3166247903554 
1: 7.14142842854285 11.357816691600547 4.242640687119285 14.142135623730951 4.242640687119285 
1: 8.48528137423857 6.0 3.0 12.767145334803704 2.449489742783178 
1: 1.7320508075688772 1.0 1.7320508075688772 1.0 4.0 
0: 1.0 0.0 4.358898943540674 5.656854249492381 9.899494936611665 
0: 0.0 0.0 7.0710678118654755 8.717797887081348 10.099504938362077 
1: 2.1213203435596424 2.449489742783178 3.774917217635375 2.1213203435596424 4.69041575982343 
1: 5.431390245600108 4.898979485566356 4.5 3.082207001484488 3.0 
1: 5.338539126015656 0.0 1.5 4.527692569068709 1.0 
1: 1.224744871391589 3.3166247903554 5.5 1.224744871391589 5.196152422706632 
1: 5.338539126015656 2.8284271247461903 0.5 10.606601717798213 2.0 
0: 0.7071067811865476 4.123105625617661 3.2015621187164243 2.1213203435596424 1.7320508075688772 
0: 2.1213203435596424 5.744562646538029 1.5 2.345207879911715 1.7320508075688772 
0: 2.9154759474226504 0.0 4.272001872658765 4.06201920231798 5.744562646538029 
0: 1.224744871391589 1.0 4.272001872658765 5.338539126015656 5.656854249492381 
0: 2.1213203435596424 2.8284271247461903 2.8722813232690143 2.1213203435596424 1.4142135623730951 
1: 5.656854249492381 15.588457268119896 12.767145334803704 9.9498743710662 26.94438717061496 
1: 1.0 8.717797887081348 5.744562646538029 0.0 7.0710678118654755 
1: 3.4641016151377544 1.7320508075688772 0.0 4.123105625617661 0.0 
1: 4.242640687119285 0.0 1.7320508075688772 5.196152422706632 0.0 
1: 2.8284271247461903 1.7320508075688772 0.0 4.898979485566356 0.0 
1: 4.123105625617661 2.8284271247461903 2.0 5.656854249492381 4.0 
1: 5.830951894845301 3.4641016151377544 4.0 3.3166247903554 6.0 
0: 3.5 2.449489742783178 10.012492197250394 2.8722813232690143 13.665650368716449 
0: 10.21028892833107 1.7320508075688772 7.762087348130012 4.5 22.863726730347352 
0: 17.839562774911272 1.4142135623730951 6.18465843842649 16.80029761641144 18.0208212909401 
0: 11.324751652906125 1.0 2.5 11.84271928232701 6.5383484153110105 
0: 0.5 1.7320508075688772 1.5 1.5 8.170067319184096 
0: 4.716990566028302 0.0 2.5 3.774917217635375 4.55521678957215 
1: 6.18465843842649 0.0 3.5 10.111874208078342 5.545268253204709 
1: 0.5 0.0 1.5 2.0615528128088303 3.278719262151 
1: 1.5 1.0 3.774917217635375 2.8722813232690143 5.545268253204709 
1: 2.8722813232690143 1.0 5.5 3.774917217635375 6.5383484153110105 
1: 21.79449471770337 1.7320508075688772 9.273618495495704 20.42057785666214 16.06237840420901 
1: 5.0 1.4142135623730951 5.196152422706632 7.54983443527075 18.788294228055936 
1: 2.8284271247461903 7.3484692283495345 7.54983443527075 0.0 17.916472867168917 
1: 5.0 1.0 1.7320508075688772 4.242640687119285 0.0 
1: 11.489125293076057 1.4142135623730951 7.0710678118654755 11.789826122551595 9.899494936611665 
1: 3.3166247903554 1.0 1.7320508075688772 4.242640687119285 7.54983443527075 
1: 3.4641016151377544 1.7320508075688772 1.0 8.48528137423857 6.0
0: 15.173990905493518 25.768197453450252 22.01136070305514 14.849242404917497 3.570714214271425 
0: 1.5 12.767145334803704 5.338539126015656 8.031189202104505 1.6583123951777 
0: 8.5 7.0710678118654755 3.5355339059327378 21.920310216782973 19.09842925478428 
0: 14.150971698084906 17.69180601295413 6.363961030678928 8.031189202104505 11.169153951844338 
0: 18.39157415774952 28.035691537752374 9.246621004453464 19.11805429430516 25.154522456210533 
0: 1.5 8.54400374531753 1.224744871391589 1.224744871391589 2.598076211353316 
0: 2.8722813232690143 0.0 6.363961030678928 7.842193570679061 9.526279441628825 
1: 1.5 1.4142135623730951 4.949747468305833 9.192388155425117 14.857657958103626 
1: 2.8722813232690143 4.358898943540674 3.6742346141747673 3.6742346141747673 3.840572873934304 
1: 5.852349955359813 0.0 2.1213203435596424 2.1213203435596424 1.6583123951777 
0: 7.681145747868608 0.0 10.344080432788601 8.54400374531753 8.717797887081348 
0: 7.681145747868608 1.7320508075688772 0.0 19.05255888325765 13.341664064126334 
0: 9.0 10.099504938362077 5.744562646538029 8.54400374531753 7.3484692283495345 
1: 0.0 2.449489742783178 4.242640687119285 2.0 1.0 
1: 9.9498743710662 17.233687939614086 2.8284271247461903 1.4142135623730951 8.48528137423857 
1: 14.177446878757825 22.715633383201094 4.242640687119285 4.358898943540674 11.357816691600547 
1: 15.588457268119896 29.698484809834994 5.656854249492381 9.0 17.0 
0: 33.0 43.54882317583335 23.66960075708925 28.85740806101615 19.73575435599055 
0: 1.4142135623730951 15.149257407543116 5.678908345800274 19.35846068260594 16.015617378046965 
0: 4.358898943540674 0.7071067811865476 7.088723439378913 7.794228634059948 5.787918451395113 
0: 4.242640687119285 0.7071067811865476 4.272001872658765 2.179449471770337 2.1213203435596424 
0: 1.7320508075688772 3.5355339059327378 1.5 0.8660254037844386 2.1213203435596424 
0: 4.242640687119285 1.224744871391589 9.912113800799505 0.8660254037844386 1.224744871391589 
0: 1.7320508075688772 3.6742346141747673 1.5 6.5383484153110105 5.049752469181039 
1: 11.313708498984761 12.062338081814818 11.412712210513327 9.313968005098578 5.049752469181039 
1: 18.49324200890693 19.11805429430516 19.956202043475106 6.06217782649107 2.1213203435596424 
1: 26.888659319497503 31.835514759463212 22.63294059551255 7.794228634059948 12.062338081814818 
0: 31.336879231984796 43.88621651498338 32.03123475609393 25.03996805109783 17.435595774162696 
0: 5.656854249492381 37.8549864614954 5.0 18.76166303929372 13.674794331177344 
1: 0.0 8.717797887081348 9.9498743710662 2.0 1.7320508075688772 
1: 1.0 0.0 9.899494936611665 0.0 0.0 
1: 7.3484692283495345 7.0710678118654755 2.0 3.0 0.0 
1: 24.06241883103193 18.411952639521967 9.899494936611665 4.69041575982343 1.0 
1: 18.384776310850235 18.627936010197157 7.0710678118654755 9.38083151964686 2.449489742783178 
1: 5.678908345800274 1.5 3.570714214271425 2.598076211353316 2.0 
1: 4.272001872658765 7.22841614740048 3.570714214271425 7.92148975887743 5.744562646538029 
0: 11.84271928232701 17.727097901235837 6.5383484153110105 4.330127018922194 4.69041575982343 
0: 10.5 18.227726133558185 3.840572873934304 0.8660254037844386 1.0 
0: 6.18465843842649 16.5 3.840572873934304 5.172040216394301 4.358898943540674 
0: 4.272001872658765 1.5 3.570714214271425 2.179449471770337 2.8284271247461903 
0: 10.688779163215974 6.18465843842649 9.836157786453 0.8660254037844386 1.7320508075688772 
0: 7.5 6.652067347825035 6.5383484153110105 2.179449471770337 0.0 
0: 10.688779163215974 10.688779163215974 8.52936105461599 3.840572873934304 1.7320508075688772 
0: 16.5 18.980252896102307 11.521718621802913 5.172040216394301 3.4641016151377544 
0: 10.677078252031311 5.744562646538029 4.123105625617661 4.242640687119285 2.8284271247461903 
1: 1.4142135623730951 3.0 4.358898943540674 1.0 1.0 
1: 4.358898943540674 2.449489742783178 7.0710678118654755 4.358898943540674 2.8284271247461903 
1: 12.884098726725126 13.076696830622021 9.9498743710662 1.0 2.0 
1: 0.0 1.7320508075688772 1.7320508075688772 1.0 0.0 
1: 6.4031242374328485 3.0 3.0 3.0 1.4142135623730951 
1: 2.8284271247461903 4.242640687119285 0.0 1.4142135623730951 0.0 
1: 1.224744871391589 0.0 2.8284271247461903 4.06201920231798 3.0 
1: 4.527692569068709 6.557438524302 1.7320508075688772 2.1213203435596424 0.0 
1: 2.1213203435596424 3.0 0.0 1.224744871391589 1.0 
0: 0.7071067811865476 1.0 0.0 1.224744871391589 1.0 
0: 0.7071067811865476 1.0 0.0 3.5355339059327378 3.0 
0: 2.1213203435596424 0.0 0.0 2.1213203435596424 2.0 
0: 3.5355339059327378 5.744562646538029 1.4142135623730951 2.345207879911715 0.0 
0: 3.6742346141747673 2.0 1.7320508075688772 1.224744871391589 1.4142135623730951 
0: 9.246621004453464 6.557438524302 10.344080432788601 3.5355339059327378 1.7320508075688772 
0: 8.336666000266533 8.660254037844387 8.717797887081348 4.949747468305833 2.8284271247461903 
0: 5.196152422706632 4.358898943540674 5.196152422706632 1.4142135623730951 0.0 
0: 1.7320508075688772 2.8284271247461903 0.0 3.0 1.7320508075688772 
1: 6.0 3.0 4.358898943540674 1.0 1.0 
1: 5.744562646538029 3.4641016151377544 4.242640687119285 2.8284271247461903 2.8284271247461903 
1: 0.0 2.8284271247461903 1.7320508075688772 4.358898943540674 3.0 
1: 0.0 1.0 0.0 3.4641016151377544 1.7320508075688772 
1: 3.0 1.7320508075688772 1.4142135623730951 1.0 1.4142135623730951 
0: 5.656854249492381 4.69041575982343 3.0 4.69041575982343 6.0 
0: 5.656854249492381 6.0 2.8284271247461903 4.0 4.123105625617661 
0: 2.8284271247461903 1.7320508075688772 0.0 5.196152422706632 3.4641016151377544 
0: 2.0 2.8284271247461903 2.0 9.899494936611665 5.656854249492381 
0: 2.449489742783178 6.0 5.656854249492381 12.0 10.0 
1: 2.8284271247461903 2.449489742783178 7.14142842854285 18.05547008526779 14.2828568570857 
1: 4.358898943540674 0.0 9.9498743710662 5.196152422706632 6.0 
0: 3.278719262151 4.9749371855331 2.0 13.573871960498227 11.521718621802913 
0: 3.278719262151 4.092676385936225 2.0 11.84271928232701 9.836157786453 
0: 3.278719262151 3.278719262151 3.0 2.8722813232690143 3.570714214271425 
1: 5.172040216394301 6.5383484153110105 7.0710678118654755 1.5 6.5383484153110105 
1: 7.794228634059948 9.205976319760984 7.0710678118654755 7.088723439378913 7.794228634059948 
1: 9.205976319760984 13.444329659748751 5.656854249492381 4.5 7.92148975887743 
0: 5.545268253204709 13.88344337691482 2.449489742783178 2.8722813232690143 4.9749371855331 
0: 8.986100377805714 12.278029157808675 7.3484692283495345 5.678908345800274 6.5383484153110105 
0: 10.23474474522936 14.239030865898142 7.681145747868608 29.227555491350966 27.290108097990377 
0: 8.986100377805714 15.321553446044563 4.69041575982343 37.286056375004314 32.13642792844283 
1: 8.717797887081348 4.242640687119285 8.336666000266533 5.852349955359813 1.7320508075688772 
1: 8.12403840463596 9.797958971132712 3.6742346141747673 11.324751652906125 10.63014581273465 
1: 11.357816691600547 9.38083151964686 4.06201920231798 19.448650338776723 16.3707055437449 
0: 4.242640687119285 7.0710678118654755 0.7071067811865476 16.5 14.177446878757825 
0: 1.4142135623730951 3.0 0.7071067811865476 9.604686356149273 9.1104335791443 
0: 4.358898943540674 3.0 2.345207879911715 4.5 5.744562646538029 
0: 7.3484692283495345 11.0 10.653637876331258 5.5 6.4031242374328485 
0: 5.196152422706632 15.0996688705415 9.192388155425117 5.315072906367325 4.898979485566356 
0: 4.123105625617661 14.45683229480096 0.7071067811865476 7.632168761236874 7.14142842854285 
0: 7.14142842854285 12.36931687685298 9.246621004453464 22.23173407541571 13.076696830622021 
1: 7.0 7.14142842854285 5.744562646538029 4.242640687119285 4.0 
1: 9.0 5.830951894845301 7.681145747868608 2.0 1.0 
1: 11.313708498984761 3.0 10.099504938362077 0.0 2.8284271247461903 
1: 5.744562646538029 0.0 3.0 1.7320508075688772 2.0 
1: 3.0 8.54400374531753 6.0 3.3166247903554 5.196152422706632 
0: 5.744562646538029 23.043437243605826 5.656854249492381 17.916472867168917 18.0 
0: 4.358898943540674 21.0 6.0 30.757112998459398 26.13426869074396 
1: 4.636809247747852 10.523782589924593 12.389511693363866 2.1213203435596424 2.345207879911715 
1: 6.123724356957945 8.52936105461599 4.06201920231798 2.1213203435596424 2.345207879911715 
1: 5.431390245600108 5.722761571129799 4.527692569068709 3.5355339059327378 2.1213203435596424 
1: 17.705931209625774 6.837397165588672 15.378556499229699 9.246621004453464 5.049752469181039 
0: 10.606601717798213 16.332482971061076 5.338539126015656 3.6742346141747673 0.7071067811865476 
0: 2.9154759474226504 7.794228634059948 7.842193570679061 9.669539802906858 12.062338081814818 
0: 2.1213203435596424 2.179449471770337 1.224744871391589 12.389511693363866 12.062338081814818 
0: 17.790446874657196 3.570714214271425 15.378556499229699 0.7071067811865476 2.1213203435596424 
0: 21.106870919205434 23.680160472429236 15.116216457830975 2.1213203435596424 2.1213203435596424 
0: 23.526580712037184 28.75326068465975 20.603397778036516 6.363961030678928 4.527692569068709 
0: 12.884098726725126 28.142494558940577 15.0 13.341664064126334 8.660254037844387 
1: 15.0 17.97220075561143 15.0 14.2828568570857 7.681145747868608 
1: 1.7320508075688772 1.0 3.4641016151377544 1.4142135623730951 1.7320508075688772 
1: 1.0 3.4641016151377544 3.0 6.4031242374328485 3.4641016151377544 
1: 1.7320508075688772 3.4641016151377544 1.0 6.0 1.7320508075688772 
1: 5.656854249492381 7.0710678118654755 5.744562646538029 3.0 1.0 
1: 12.884098726725126 4.0 15.556349186104045 1.0 0.0 
1: 6.18465843842649 8.381527307120106 1.224744871391589 0.0 1.224744871391589 
1: 4.5 6.18465843842649 0.7071067811865476 3.0 2.1213203435596424 
1: 2.0615528128088303 3.774917217635375 0.7071067811865476 5.744562646538029 4.949747468305833 
1: 6.652067347825035 7.22841614740048 3.5355339059327378 3.4641016151377544 2.1213203435596424 
0: 35.21718330588067 48.396797414705034 16.537835408541227 13.379088160259652 5.431390245600108 
0: 17.03672503740082 25.104780421266383 17.67766952966369 1.4142135623730951 3.5355339059327378 
0: 14.221462653327892 15.88238017426859 19.11805429430516 4.358898943540674 1.224744871391589 
0: 3.2015621187164243 11.324751652906125 2.9154759474226504 5.0 4.527692569068709 
0: 14.568802284333465 20.303940504246953 5.049752469181039 2.0 2.9154759474226504 
0: 2.8722813232690143 1.5 4.949747468305833 5.656854249492381 1.224744871391589 
1: 14.071247279470288 13.30413469565007 7.3484692283495345 9.273618495495704 4.898979485566356 
1: 20.024984394500787 18.35755975068582 8.54400374531753 4.69041575982343 1.0 
1: 8.54400374531753 9.273618495495704 1.0 0.0 0.0 
1: 0.0 8.48528137423857 0.0 3.0 0.0 
1: 5.0 10.392304845413264 1.0 5.656854249492381 1.4142135623730951 
1: 4.898979485566356 8.12403840463596 5.656854249492381 5.196152422706632 4.123105625617661 
1: 1.0 5.0 5.744562646538029 2.0 4.358898943540674 
0: 5.5 9.273618495495704 1.4142135623730951 7.842193570679061 1.6583123951777 
1: 1.5 5.744562646538029 0.0 3.6742346141747673 4.9749371855331 
1: 1.5 4.358898943540674 1.7320508075688772 1.224744871391589 1.6583123951777 
0: 0.5 6.928203230275509 1.4142135623730951 2.1213203435596424 2.179449471770337 
0: 1.5 5.196152422706632 1.4142135623730951 0.7071067811865476 5.172040216394301 
0: 0.5 5.656854249492381 1.7320508075688772 3.6742346141747673 6.383572667401852 
0: 2.8722813232690143 2.8284271247461903 0.0 3.6742346141747673 4.9749371855331 
0: 2.8722813232690143 4.242640687119285 0.0 1.224744871391589 0.8660254037844386 
0: 5.852349955359813 4.242640687119285 1.7320508075688772 3.5355339059327378 5.172040216394301 
0: 7.22841614740048 5.744562646538029 1.7320508075688772 5.338539126015656 6.837397165588672 
0: 1.4142135623730951 9.848857801796104 4.358898943540674 20.42057785666214 5.196152422706632 
0: 2.8284271247461903 4.898979485566356 14.177446878757825 10.677078252031311 7.14142842854285 
0: 3.3166247903554 5.0 14.071247279470288 19.82422760159901 6.0 
1: 1.0 2.8284271247461903 4.242640687119285 18.384776310850235 5.656854249492381 
1: 16.673332000533065 22.64950330581225 14.2828568570857 17.0 7.14142842854285 
1: 10.677078252031311 6.164414002968976 2.0 0.0 2.0 
0: 15.588457268119896 6.0 6.4031242374328485 35.11409973215888 25.612496949731394 
1: 6.5383484153110105 5.830951894845301 3.6742346141747673 9.246621004453464 12.884098726725126 
1: 9.313968005098578 12.36931687685298 4.949747468305833 10.793516572461451 10.099504938362077 
1: 2.179449471770337 6.4031242374328485 0.7071067811865476 2.345207879911715 1.7320508075688772 
1: 4.9749371855331 2.449489742783178 2.345207879911715 6.442049363362563 7.14142842854285 
0: 0.8660254037844386 3.3166247903554 0.7071067811865476 3.6742346141747673 6.4031242374328485 
0: 4.9749371855331 6.164414002968976 3.6742346141747673 9.82344135219425 6.928203230275509 
0: 7.533259586659682 11.090536506409418 2.1213203435596424 16.015617378046965 13.30413469565007 
0: 11.434596626029272 17.233687939614086 2.1213203435596424 22.01136070305514 19.209372712298546 
0: 5.545268253204709 13.30413469565007 2.345207879911715 11.20267825120404 9.1104335791443 
0: 12.031209415515965 21.307275752662516 7.842193570679061 16.294170736800325 13.076696830622021 
0: 4.242640687119285 25.337718918639855 3.4641016151377544 8.660254037844387 9.0 
1: 9.0 16.673332000533065 3.0 3.0 5.0 
1: 11.357816691600547 6.928203230275509 7.0710678118654755 2.8284271247461903 4.358898943540674 
1: 7.0710678118654755 0.0 3.0 7.3484692283495345 5.196152422706632 
1: 4.0 11.661903789690601 0.0 9.0 7.3484692283495345 
1: 1.7320508075688772 15.684387141358123 1.4142135623730951 11.489125293076057 13.856406460551018 
1: 1.7320508075688772 21.0 2.8284271247461903 6.0 15.556349186104045 
0: 8.717797887081348 19.209372712298546 15.5161206491829 0.7071067811865476 5.196152422706632 
0: 39.71145930332956 8.717797887081348 26.205915362757317 9.669539802906858 1.4142135623730951 
0: 35.41186241925155 15.0 10.712142642814275 6.442049363362563 3.0 
0: 25.632011235952593 16.34013463836819 6.383572667401852 2.1213203435596424 8.48528137423857 
0: 16.06237840420901 29.698484809834994 17.853571071357123 1.224744871391589 1.0 
1: 1.7320508075688772 21.236760581595302 0.8660254037844386 9.246621004453464 11.313708498984761 
1: 1.7320508075688772 15.684387141358123 1.6583123951777 4.06201920231798 8.54400374531753 
0: 17.69180601295413 0.0 19.41004894378167 6.363961030678928 2.0 
0: 14.696938456699069 9.0 19.254869513969705 0.7071067811865476 3.0 
0: 21.42428528562855 21.72556098240043 23.339880033967614 2.9154759474226504 5.196152422706632 
0: 1.4142135623730951 10.099504938362077 3.0 1.4142135623730951 1.4142135623730951 
0: 4.0 7.3484692283495345 3.0 4.0 4.123105625617661 
1: 18.81488772222678 7.3484692283495345 12.0 9.899494936611665 4.358898943540674 
1: 13.674794331177344 6.557438524302 7.54983443527075 5.744562646538029 0.0 
1: 5.196152422706632 4.0 2.8284271247461903 3.4641016151377544 1.0 
0: 21.213203435596427 19.79898987322333 16.97056274847714 3.3166247903554 4.242640687119285 
0: 29.8496231131986 38.23610858861032 21.42428528562855 4.242640687119285 5.196152422706632 