0: 21.236760581595302 6.18465843842649 5.744562646538029 10.111874208078342 6.928203230275509 
0: 24.06241883103193 6.946221994724902 4.898979485566356 10.111874208078342 7.54983443527075 
0: 14.142135623730951 6.946221994724902 2.0 3.774917217635375 6.557438524302 
0: 9.9498743710662 5.315072906367325 1.0 2.5 5.830951894845301 
0: 11.313708498984761 5.315072906367325 2.0 2.8722813232690143 4.898979485566356 
0: 9.899494936611665 3.774917217635375 2.449489742783178 2.8722813232690143 3.3166247903554 
0: 12.767145334803704 2.8722813232690143 3.3166247903554 4.924428900898052 2.449489742783178 
0: 9.899494936611665 1.5 1.7320508075688772 2.0615528128088303 2.449489742783178 
0: 1.4142135623730951 0.5 5.744562646538029 4.272001872658765 1.0 
0: 2.8284271247461903 2.5 4.358898943540674 5.678908345800274 1.4142135623730951 
0: 5.656854249492381 3.5 0.0 1.5 1.7320508075688772 
0: 4.242640687119285 3.774917217635375 1.4142135623730951 1.5 2.449489742783178 
0: 2.8284271247461903 3.774917217635375 1.4142135623730951 1.5 1.7320508075688772 
0: 3.0 3.774917217635375 1.4142135623730951 0.5 3.0 
0: 3.4641016151377544 3.774917217635375 1.7320508075688772 4.272001872658765 2.8284271247461903 
0: 4.123105625617661 3.2015621187164243 12.884098726725126 8.5 2.8284271247461903 
0: 5.744562646538029 3.2015621187164243 12.767145334803704 10.012492197250394 2.8284271247461903 
1: 7.14142842854285 1.5 10.099504938362077 10.21028892833107 1.4142135623730951 
1: 8.0 0.5 10.099504938362077 8.845903006477066 0.0 
1: 9.0 1.5 8.717797887081348 8.845903006477066 2.8284271247461903 
0: 10.099504938362077 0.0 8.717797887081348 12.767145334803704 1.0 
0: 8.717797887081348 0.0 9.0 12.884098726725126 0.0 
0: 7.14142842854285 2.8284271247461903 9.0 12.884098726725126 0.0 
0: 8.54400374531753 3.0 9.0 12.884098726725126 1.7320508075688772 
0: 8.48528137423857 4.69041575982343 9.0 12.767145334803704 1.7320508075688772 
0: 4.242640687119285 3.0 4.69041575982343 7.0710678118654755 0.0 
0: 2.8284271247461903 1.0 0.0 1.7320508075688772 1.7320508075688772 
1: 11.357816691600547 1.7320508075688772 0.0 1.0 3.4641016151377544 
1: 15.556349186104045 2.449489742783178 1.4142135623730951 1.7320508075688772 5.196152422706632 
1: 17.0 2.0 3.0 3.0 3.4641016151377544 
0: 17.0 2.449489742783178 5.744562646538029 4.69041575982343 2.449489742783178 
0: 15.684387141358123 1.7320508075688772 7.14142842854285 6.0 1.7320508075688772 
0: 9.0 1.4142135623730951 7.0710678118654755 7.14142842854285 0.0 
0: 5.0 2.0 8.54400374531753 8.48528137423857 1.0 
0: 7.3484692283495345 3.0 3.0 8.54400374531753 1.0 
