0: 6.0 7.035623639735144 8.18535277187245 6.041522986797286 4.358898943540674 
0: 5.656854249492381 3.6742346141747673 12.727922061357855 5.338539126015656 2.8284271247461903 
0: 2.8284271247461903 2.1213203435596424 8.54400374531753 6.363961030678928 0.0 
0: 1.4142135623730951 0.7071067811865476 2.449489742783178 3.5355339059327378 0.0 
1: 1.7320508075688772 2.1213203435596424 2.449489742783178 1.224744871391589 1.7320508075688772 
1: 3.0 3.6742346141747673 4.358898943540674 3.6742346141747673 1.7320508075688772 
1: 4.358898943540674 3.5355339059327378 7.0710678118654755 4.949747468305833 1.4142135623730951 
1: 2.8284271247461903 2.345207879911715 7.0710678118654755 3.5355339059327378 0.0 
1: 1.4142135623730951 0.7071067811865476 4.242640687119285 0.7071067811865476 0.0 
0: 1.7320508075688772 2.345207879911715 7.14142842854285 5.049752469181039 1.4142135623730951 
0: 10.344080432788601 7.14142842854285 5.196152422706632 5.830951894845301 4.0 
0: 6.4031242374328485 4.123105625617661 4.0 4.898979485566356 2.449489742783178 
1: 1.7320508075688772 3.0 3.4641016151377544 2.0 1.7320508075688772 
1: 0.0 0.0 4.242640687119285 1.4142135623730951 0.0 
1: 6.4031242374328485 1.0 3.4641016151377544 7.681145747868608 1.0 
1: 7.54983443527075 1.7320508075688772 6.928203230275509 5.830951894845301 1.0 
1: 5.196152422706632 1.4142135623730951 10.344080432788601 4.898979485566356 1.7320508075688772 
0: 12.439855304624729 16.27114009527298 5.656854249492381 6.557438524302 9.9498743710662 
0: 11.258330249197702 13.444329659748751 4.358898943540674 4.242640687119285 8.48528137423857 
0: 8.411301920630361 10.618380290797651 3.0 4.0 7.0710678118654755 
0: 6.5383484153110105 9.205976319760984 1.4142135623730951 2.449489742783178 5.656854249492381 
0: 8.760707733967616 2.179449471770337 1.4142135623730951 2.0 1.7320508075688772 
0: 9.733961166965893 2.179449471770337 1.4142135623730951 2.0 1.4142135623730951 
0: 11.434596626029272 5.172040216394301 1.4142135623730951 2.449489742783178 4.242640687119285 
0: 13.219304066402286 9.526279441628825 1.4142135623730951 2.449489742783178 5.744562646538029 
0: 13.518505834595775 7.262919523166975 1.4142135623730951 2.8284271247461903 3.4641016151377544 
0: 17.853571071357123 7.262919523166975 2.8284271247461903 7.0710678118654755 2.449489742783178 
0: 8.660254037844387 8.12403840463596 7.3484692283495345 4.242640687119285 2.449489742783178 
0: 4.242640687119285 4.898979485566356 7.0710678118654755 1.4142135623730951 2.0 
0: 7.3484692283495345 2.449489742783178 2.8284271247461903 0.0 2.449489742783178 
0: 1.4142135623730951 1.4142135623730951 1.7320508075688772 1.4142135623730951 0.0 
0: 0.0 2.0 0.0 1.0 0.0 
0: 2.449489742783178 3.3166247903554 1.4142135623730951 1.4142135623730951 1.0 
0: 4.242640687119285 4.898979485566356 1.4142135623730951 3.0 1.7320508075688772 
0: 1.224744871391589 9.38083151964686 8.031189202104505 2.345207879911715 6.4031242374328485 
0: 0.7071067811865476 2.449489742783178 5.049752469181039 3.5355339059327378 1.0 
1: 0.7071067811865476 1.7320508075688772 2.345207879911715 2.345207879911715 0.0 
1: 2.1213203435596424 1.4142135623730951 3.6742346141747673 3.5355339059327378 0.0 
1: 3.5355339059327378 1.0 5.049752469181039 3.5355339059327378 1.0 
1: 3.5355339059327378 1.0 6.363961030678928 3.5355339059327378 1.7320508075688772 
1: 2.1213203435596424 1.0 2.345207879911715 2.345207879911715 1.0 
0: 0.7071067811865476 1.4142135623730951 2.1213203435596424 2.345207879911715 1.4142135623730951 
0: 3.5355339059327378 1.4142135623730951 3.5355339059327378 2.1213203435596424 2.8284271247461903 
0: 5.049752469181039 4.69041575982343 5.049752469181039 4.949747468305833 3.4641016151377544 
0: 1.7320508075688772 2.0 3.0 3.0 1.7320508075688772 
0: 1.0 1.0 1.0 1.4142135623730951 1.7320508075688772 
0: 1.0 1.0 0.0 1.4142135623730951 1.7320508075688772 
1: 0.0 1.4142135623730951 0.0 0.0 0.0 
1: 1.4142135623730951 1.4142135623730951 1.4142135623730951 1.7320508075688772 0.0 
1: 2.8284271247461903 1.4142135623730951 1.4142135623730951 3.0 0.0 
1: 4.242640687119285 1.0 4.358898943540674 1.4142135623730951 0.0 
0: 19.339079605813716 7.92148975887743 15.556349186104045 33.380383460949034 7.842193570679061 
0: 3.4641016151377544 4.9749371855331 1.0 1.5 5.049752469181039 
0: 3.0 0.8660254037844386 0.0 1.5 3.5355339059327378 
0: 4.242640687119285 0.8660254037844386 0.0 1.5 2.1213203435596424 
0: 5.656854249492381 0.8660254037844386 0.0 1.5 0.7071067811865476 
0: 1.4142135623730951 2.179449471770337 0.0 0.5 0.7071067811865476 
0: 7.0710678118654755 2.179449471770337 2.8284271247461903 2.8722813232690143 0.7071067811865476 
1: 8.54400374531753 0.8660254037844386 4.358898943540674 5.678908345800274 1.224744871391589 
1: 2.449489742783178 2.598076211353316 4.358898943540674 1.5 2.1213203435596424 
1: 3.4641016151377544 2.598076211353316 3.0 0.5 3.082207001484488 
1: 26.40075756488817 11.357816691600547 11.489125293076057 33.27160951922825 5.744562646538029 
1: 10.099504938362077 5.656854249492381 1.7320508075688772 3.0 3.0 
1: 3.0 2.8284271247461903 1.0 1.4142135623730951 1.0 
1: 0.0 0.0 0.0 0.0 1.4142135623730951 
1: 4.69041575982343 2.8284271247461903 4.242640687119285 0.0 2.8284271247461903 
1: 6.0 2.8284271247461903 4.242640687119285 1.0 1.4142135623730951 
1: 6.4031242374328485 1.4142135623730951 4.242640687119285 1.0 1.4142135623730951 
1: 7.92148975887743 7.794228634059948 9.246621004453464 4.242640687119285 6.363961030678928 
1: 4.330127018922194 2.179449471770337 2.345207879911715 2.8284271247461903 2.345207879911715 
1: 4.9749371855331 2.179449471770337 4.949747468305833 2.0 2.1213203435596424 
1: 3.570714214271425 0.8660254037844386 5.049752469181039 2.0 1.224744871391589 
1: 2.179449471770337 0.8660254037844386 4.949747468305833 2.0 1.224744871391589 
1: 2.598076211353316 2.179449471770337 5.049752469181039 2.0 2.1213203435596424 
1: 6.383572667401852 3.570714214271425 2.1213203435596424 0.0 2.345207879911715 
0: 9.313968005098578 3.840572873934304 5.049752469181039 1.7320508075688772 2.9154759474226504 
0: 19.254869513969705 4.330127018922194 5.049752469181039 6.0 3.6742346141747673 
0: 26.396022427631024 3.570714214271425 5.338539126015656 13.076696830622021 4.06201920231798 
0: 8.12403840463596 2.449489742783178 6.4031242374328485 8.18535277187245 2.449489742783178 
0: 9.0 5.656854249492381 5.196152422706632 6.6332495807108 4.358898943540674 
1: 4.123105625617661 2.8284271247461903 3.0 2.0 2.8284271247461903 
1: 0.0 0.0 0.0 1.4142135623730951 0.0 
1: 5.196152422706632 3.0 7.681145747868608 4.123105625617661 2.8284271247461903 
1: 14.696938456699069 7.0710678118654755 7.681145747868608 4.242640687119285 5.656854249492381 
1: 25.632011235952593 7.0710678118654755 7.681145747868608 6.557438524302 5.656854249492381 
0: 28.142494558940577 7.681145747868608 7.681145747868608 26.095976701399778 7.14142842854285 
0: 26.095976701399778 3.4641016151377544 9.0 26.095976701399778 4.358898943540674 
0: 5.744562646538029 0.0 2.8284271247461903 1.4142135623730951 1.4142135623730951 
0: 2.8284271247461903 1.7320508075688772 2.8284271247461903 1.4142135623730951 0.0 
0: 5.196152422706632 4.69041575982343 1.4142135623730951 1.4142135623730951 1.7320508075688772 
1: 6.6332495807108 2.0 1.4142135623730951 1.4142135623730951 0.0 
1: 8.0 1.4142135623730951 5.0 3.0 1.0 
0: 18.479718612576328 16.635804759614125 9.899494936611665 13.341664064126334 12.971121771072847 
0: 29.33428028774526 19.41004894378167 9.899494936611665 7.3484692283495345 12.971121771072847 
0: 32.00781154655844 19.41004894378167 11.313708498984761 2.8284271247461903 12.971121771072847 
1: 22.726636354727024 16.454482671904334 7.3484692283495345 5.744562646538029 11.586630226256467 
1: 6.442049363362563 4.9749371855331 5.0 2.449489742783178 2.8722813232690143 
1: 6.442049363362563 5.172040216394301 4.0 2.449489742783178 2.8722813232690143 
1: 13.765899897936205 9.836157786453 4.242640687119285 2.449489742783178 6.18465843842649 
1: 16.537835408541227 12.519984025548915 2.8284271247461903 0.0 7.5 
1: 15.149257407543116 9.526279441628825 6.0 3.0 5.852349955359813 
1: 14.300349646075091 6.383572667401852 11.090536506409418 6.0 4.272001872658765 
0: 6.652067347825035 6.383572667401852 2.1213203435596424 4.924428900898052 5.656854249492381 
0: 9.604686356149273 2.179449471770337 2.345207879911715 5.852349955359813 2.8284271247461903 
1: 7.5 3.570714214271425 1.224744871391589 4.272001872658765 2.8284271247461903 
1: 8.845903006477066 0.8660254037844386 1.224744871391589 2.8722813232690143 1.4142135623730951 
1: 5.852349955359813 2.179449471770337 0.7071067811865476 1.5 1.4142135623730951 
1: 2.0615528128088303 2.179449471770337 0.7071067811865476 1.5 1.4142135623730951 
1: 6.18465843842649 5.172040216394301 2.1213203435596424 5.852349955359813 4.358898943540674 
0: 17.03672503740082 5.172040216394301 7.035623639735144 17.327723451163457 4.358898943540674 
0: 26.348624252510795 0.8660254037844386 8.336666000266533 21.68524844220144 2.8284271247461903 
0: 33.5 5.172040216394301 6.363961030678928 22.89650628371062 1.7320508075688772 
0: 42.43819034784589 13.076696830622021 1.0 5.196152422706632 8.54400374531753 
0: 41.12177038990418 14.696938456699069 1.0 6.0 8.54400374531753 
0: 15.556349186104045 7.3484692283495345 1.0 3.0 4.242640687119285 
1: 1.0 0.0 1.7320508075688772 1.0 0.0 
1: 8.54400374531753 5.744562646538029 3.4641016151377544 1.0 4.358898943540674 
1: 9.899494936611665 11.489125293076057 3.0 5.744562646538029 7.14142842854285 
1: 12.884098726725126 14.2828568570857 5.656854249492381 12.727922061357855 9.9498743710662 
0: 0.0 1.4142135623730951 0.0 0.0 1.7320508075688772 
0: 1.4142135623730951 1.4142135623730951 0.0 0.0 1.0 
0: 0.0 0.0 0.0 0.0 0.0 
0: 0.0 0.0 0.0 0.0 0.0 
0: 1.0 0.0 0.0 1.4142135623730951 0.0 
0: 1.0 0.0 0.0 1.4142135623730951 1.4142135623730951 
1: 0.0 0.0 0.0 1.4142135623730951 1.4142135623730951 
0: 3.840572873934304 17.269916039170543 1.4142135623730951 1.7320508075688772 15.149257407543116 
0: 3.840572873934304 15.56438241627338 0.0 1.7320508075688772 13.910427743243556 
0: 2.179449471770337 7.88986691902975 0.0 0.0 5.787918451395113 
1: 0.8660254037844386 4.924428900898052 0.0 0.0 2.9154759474226504 
1: 2.179449471770337 0.5 0.0 0.0 2.1213203435596424 
1: 3.840572873934304 1.5 0.0 1.7320508075688772 4.06201920231798 
1: 6.837397165588672 0.5 0.0 1.7320508075688772 4.06201920231798 
1: 5.545268253204709 1.5 1.0 1.0 2.345207879911715 
1: 1.6583123951777 0.5 0.0 1.4142135623730951 0.7071067811865476 
1: 2.179449471770337 0.5 0.0 3.0 0.7071067811865476 
0: 8.48528137423857 3.774917217635375 33.944808144987356 32.53075467922624 4.242640687119285 
0: 12.767145334803704 2.8722813232690143 12.971121771072847 28.28869031963127 2.8284271247461903 
0: 12.884098726725126 0.5 12.737739202856996 24.088378940891808 0.0 
0: 4.358898943540674 0.5 2.8722813232690143 1.5 0.0 
0: 5.744562646538029 2.0615528128088303 2.0615528128088303 5.852349955359813 1.4142135623730951 
0: 12.884098726725126 6.18465843842649 1.5 5.852349955359813 2.8284271247461903 
0: 15.684387141358123 6.18465843842649 1.5 7.5 1.4142135623730951 
0: 12.884098726725126 3.2015621187164243 0.5 4.5 1.0 
1: 4.242640687119285 0.5 2.5 0.5 1.7320508075688772 
1: 12.806248474865697 7.5 3.2015621187164243 10.21028892833107 6.0 
0: 6.557438524302 9.848857801796104 13.076696830622021 6.557438524302 4.358898943540674 
0: 6.557438524302 8.48528137423857 0.0 5.196152422706632 4.358898943540674 
0: 4.0 4.242640687119285 0.0 5.196152422706632 1.7320508075688772 
1: 2.8284271247461903 0.0 1.4142135623730951 1.4142135623730951 0.0 
1: 1.7320508075688772 2.449489742783178 1.7320508075688772 3.4641016151377544 1.0 
1: 1.0 3.4641016151377544 6.6332495807108 4.0 1.4142135623730951 
1: 8.54400374531753 3.0 13.30413469565007 13.076696830622021 1.7320508075688772 
0: 10.712142642814275 7.035623639735144 0.0 9.246621004453464 3.0 
0: 5.722761571129799 5.049752469181039 0.0 13.019216566291536 1.7320508075688772 
0: 4.330127018922194 2.345207879911715 2.0 1.224744871391589 1.0 
0: 2.598076211353316 1.224744871391589 3.0 0.7071067811865476 1.0 
0: 0.8660254037844386 1.224744871391589 4.242640687119285 0.7071067811865476 1.4142135623730951 
0: 0.8660254037844386 3.6742346141747673 2.8284271247461903 0.7071067811865476 2.8284271247461903 
0: 2.598076211353316 3.6742346141747673 1.7320508075688772 0.7071067811865476 4.358898943540674 
1: 4.330127018922194 2.345207879911715 1.0 3.6742346141747673 2.8284271247461903 
1: 8.411301920630361 1.224744871391589 3.0 9.669539802906858 0.0 
1: 5.894913061275798 2.345207879911715 4.242640687119285 8.74642784226795 1.4142135623730951 
0: 7.3484692283495345 1.7320508075688772 6.0 7.3484692283495345 1.0 
0: 4.123105625617661 2.8284271247461903 2.0 2.0 1.4142135623730951 
0: 7.14142842854285 1.4142135623730951 1.7320508075688772 3.0 1.0 
0: 5.656854249492381 1.7320508075688772 2.8284271247461903 5.656854249492381 0.0 
1: 1.0 1.0 2.8284271247461903 5.744562646538029 0.0 
1: 8.48528137423857 0.0 2.449489742783178 2.0 0.0 
1: 18.384776310850235 1.0 6.0 4.69041575982343 1.4142135623730951 
0: 5.678908345800274 10.0 2.449489742783178 2.598076211353316 11.586630226256467 
0: 5.315072906367325 9.1104335791443 2.0 2.598076211353316 9.604686356149273 
1: 6.18465843842649 9.0 1.7320508075688772 4.330127018922194 9.5 
1: 4.5 8.0 1.7320508075688772 3.278719262151 8.5 
1: 1.5 1.0 1.4142135623730951 2.179449471770337 1.5 
1: 2.8722813232690143 5.0 0.0 0.8660254037844386 4.5 
0: 7.88986691902975 10.099504938362077 0.0 0.8660254037844386 9.604686356149273 
0: 7.22841614740048 10.0 1.7320508075688772 2.598076211353316 10.5 
0: 7.5 6.164414002968976 5.744562646538029 6.5383484153110105 6.652067347825035 
0: 8.5 4.358898943540674 7.3484692283495345 9.313968005098578 2.0615528128088303 
0: 7.681145747868608 2.8284271247461903 2.449489742783178 2.449489742783178 1.7320508075688772 
0: 3.4641016151377544 0.0 1.0 1.0 0.0 
1: 1.0 1.4142135623730951 1.0 1.4142135623730951 1.4142135623730951 
1: 1.4142135623730951 1.4142135623730951 0.0 2.8284271247461903 2.8284271247461903 
1: 6.4031242374328485 4.0 2.0 4.69041575982343 5.744562646538029 
0: 6.6332495807108 12.083045973594572 6.0 5.0 13.0 
0: 8.48528137423857 17.52141546793523 7.3484692283495345 6.557438524302 17.233687939614086 
0: 11.357816691600547 2.449489742783178 9.899494936611665 5.744562646538029 2.8284271247461903 
0: 7.681145747868608 2.0 4.242640687119285 3.0 2.8284271247461903 
0: 4.123105625617661 1.0 1.7320508075688772 1.7320508075688772 1.4142135623730951 
0: 1.0 0.0 1.0 0.0 1.0 
1: 5.656854249492381 1.0 1.4142135623730951 1.7320508075688772 1.7320508075688772 
1: 8.54400374531753 3.4641016151377544 1.7320508075688772 1.7320508075688772 4.358898943540674 
1: 8.48528137423857 1.7320508075688772 1.7320508075688772 0.0 4.242640687119285 
0: 5.722761571129799 5.315072906367325 0.8660254037844386 2.5 5.431390245600108 
0: 5.722761571129799 3.774917217635375 0.8660254037844386 2.5 5.431390245600108 
0: 5.722761571129799 1.5 0.8660254037844386 2.5 2.1213203435596424 
0: 4.092676385936225 2.0615528128088303 0.8660254037844386 1.5 0.7071067811865476 
1: 1.6583123951777 3.5 0.8660254037844386 0.5 3.082207001484488 
1: 1.6583123951777 5.5 0.8660254037844386 0.5 4.06201920231798 
1: 4.9749371855331 3.774917217635375 2.598076211353316 2.8722813232690143 4.06201920231798 
1: 10.712142642814275 0.5 4.330127018922194 5.315072906367325 2.345207879911715 
1: 20.414455662593603 2.8722813232690143 4.9749371855331 9.394147114027968 2.1213203435596424 
0: 31.188940347501386 4.716990566028302 6.5383484153110105 18.227726133558185 2.9154759474226504 
1: 6.18465843842649 7.0710678118654755 11.169153951844338 2.8284271247461903 2.8284271247461903 
1: 3.5 7.14142842854285 8.52936105461599 1.7320508075688772 3.0 
1: 4.272001872658765 4.358898943540674 8.52936105461599 1.4142135623730951 3.0 
1: 5.852349955359813 4.358898943540674 6.837397165588672 1.4142135623730951 1.7320508075688772 
0: 6.652067347825035 1.4142135623730951 5.172040216394301 0.0 0.0 
0: 5.315072906367325 4.123105625617661 5.172040216394301 1.0 1.7320508075688772 
0: 1.5 3.4641016151377544 5.172040216394301 1.4142135623730951 1.7320508075688772 
0: 2.8722813232690143 3.4641016151377544 5.172040216394301 1.4142135623730951 1.7320508075688772 
0: 2.8722813232690143 1.0 5.172040216394301 1.4142135623730951 0.0 
0: 6.5 3.0 5.172040216394301 1.7320508075688772 2.0 
0: 4.69041575982343 22.627416997969522 4.0 4.898979485566356 11.357816691600547 
0: 0.0 17.0 1.4142135623730951 1.7320508075688772 7.0710678118654755 
0: 1.4142135623730951 8.54400374531753 2.449489742783178 0.0 2.8284271247461903 
0: 1.4142135623730951 0.0 2.449489742783178 0.0 0.0 
1: 1.4142135623730951 12.767145334803704 3.3166247903554 1.7320508075688772 4.242640687119285 
1: 5.196152422706632 14.45683229480096 12.727922061357855 1.4142135623730951 5.744562646538029 
1: 13.2664991614216 12.884098726725126 15.588457268119896 2.449489742783178 5.744562646538029 
0: 10.5 2.345207879911715 2.0 6.928203230275509 1.4142135623730951 
0: 4.5 2.1213203435596424 1.7320508075688772 2.449489742783178 1.4142135623730951 
0: 2.8722813232690143 2.1213203435596424 0.0 0.0 1.4142135623730951 
0: 1.5 2.1213203435596424 0.0 0.0 0.0 
0: 1.5 0.7071067811865476 0.0 1.0 0.0 
0: 0.5 0.7071067811865476 0.0 0.0 0.0 
0: 0.5 0.7071067811865476 0.0 0.0 1.4142135623730951 
1: 0.5 0.7071067811865476 1.4142135623730951 0.0 0.0 
1: 0.5 1.224744871391589 1.0 1.7320508075688772 1.0 
1: 0.5 1.224744871391589 3.0 1.0 1.0 
0: 6.6332495807108 3.0 3.0 6.928203230275509 0.0 
0: 6.557438524302 0.0 2.8284271247461903 3.0 0.0 
1: 4.123105625617661 1.0 5.744562646538029 3.0 0.0 
1: 0.0 0.0 1.7320508075688772 1.4142135623730951 0.0 
1: 6.928203230275509 1.4142135623730951 1.0 1.0 1.4142135623730951 
1: 15.362291495737216 1.0 0.0 3.0 0.0 
1: 21.0 3.4641016151377544 0.0 5.744562646538029 1.7320508075688772 
0: 3.6742346141747673 3.6742346141747673 4.636809247747852 2.345207879911715 1.6583123951777 
0: 3.5355339059327378 2.1213203435596424 0.7071067811865476 3.6742346141747673 2.179449471770337 
0: 3.5355339059327378 0.7071067811865476 0.7071067811865476 2.1213203435596424 2.179449471770337 
0: 2.1213203435596424 0.7071067811865476 0.7071067811865476 2.1213203435596424 0.8660254037844386 
0: 0.7071067811865476 0.7071067811865476 2.1213203435596424 0.7071067811865476 2.179449471770337 
1: 0.7071067811865476 0.7071067811865476 0.7071067811865476 0.7071067811865476 0.8660254037844386 
1: 2.1213203435596424 1.224744871391589 0.7071067811865476 0.7071067811865476 0.8660254037844386 
1: 2.345207879911715 1.224744871391589 2.345207879911715 1.224744871391589 2.179449471770337 
1: 2.345207879911715 1.224744871391589 2.9154759474226504 2.1213203435596424 3.570714214271425 
1: 3.5355339059327378 2.1213203435596424 5.338539126015656 1.224744871391589 3.570714214271425 
0: 8.660254037844387 4.898979485566356 9.9498743710662 9.273618495495704 5.830951894845301 
1: 5.830951894845301 1.4142135623730951 8.48528137423857 8.660254037844387 1.7320508075688772 
1: 2.449489742783178 1.4142135623730951 2.449489742783178 3.4641016151377544 1.4142135623730951 
1: 6.0 1.7320508075688772 0.0 3.4641016151377544 1.4142135623730951 
1: 8.12403840463596 1.0 0.0 5.196152422706632 0.0 
1: 8.12403840463596 1.7320508075688772 1.7320508075688772 5.196152422706632 0.0 
0: 9.912113800799505 3.0 1.7320508075688772 3.3166247903554 2.449489742783178 
1: 8.616843969807043 1.0 1.7320508075688772 4.358898943540674 1.7320508075688772 
1: 7.5 1.4142135623730951 1.7320508075688772 5.744562646538029 1.4142135623730951 
1: 4.924428900898052 0.0 0.0 2.8284271247461903 0.0 
1: 10.012492197250394 3.0 4.358898943540674 8.717797887081348 3.0 
1: 21.219095173922945 3.0 7.3484692283495345 14.45683229480096 4.358898943540674 
0: 25.5 3.3166247903554 7.681145747868608 17.233687939614086 4.242640687119285 
0: 19.80530232033836 3.0 4.69041575982343 11.704699910719626 4.242640687119285 
0: 4.272001872658765 1.4142135623730951 0.0 1.4142135623730951 1.0 
0: 8.616843969807043 3.0 3.0 4.69041575982343 1.7320508075688772 
0: 4.69041575982343 7.681145747868608 0.0 2.0 3.4641016151377544 
0: 3.4641016151377544 1.0 0.0 1.0 1.7320508075688772 
0: 2.8284271247461903 1.7320508075688772 0.0 4.242640687119285 1.7320508075688772 
1: 1.0 1.4142135623730951 0.0 2.8284271247461903 0.0 
1: 7.3484692283495345 2.8284271247461903 1.0 2.0 0.0 
1: 14.2828568570857 1.0 8.246211251235321 5.830951894845301 1.4142135623730951 
1: 24.041630560342615 2.449489742783178 8.12403840463596 11.704699910719626 1.4142135623730951 
0: 8.48528137423857 8.48528137423857 3.4641016151377544 2.449489742783178 4.898979485566356 
0: 8.48528137423857 4.242640687119285 5.744562646538029 3.0 2.0 
0: 2.8284271247461903 2.449489742783178 1.4142135623730951 1.7320508075688772 0.0 
0: 1.4142135623730951 0.0 0.0 0.0 0.0 
1: 5.656854249492381 2.449489742783178 1.7320508075688772 1.7320508075688772 2.0 
1: 9.899494936611665 3.3166247903554 3.0 3.0 4.123105625617661 
0: 0.7071067811865476 5.196152422706632 1.7320508075688772 1.224744871391589 5.431390245600108 
0: 2.1213203435596424 2.449489742783178 1.7320508075688772 1.224744871391589 2.9154759474226504 
1: 3.5355339059327378 1.4142135623730951 1.7320508075688772 1.224744871391589 3.6742346141747673 
1: 5.049752469181039 1.7320508075688772 1.7320508075688772 2.345207879911715 3.6742346141747673 
1: 3.6742346141747673 0.0 0.0 3.5355339059327378 0.7071067811865476 
1: 0.7071067811865476 1.4142135623730951 0.0 3.5355339059327378 0.7071067811865476 
1: 4.949747468305833 1.0 1.4142135623730951 3.5355339059327378 2.345207879911715 
1: 13.47219358530748 2.449489742783178 1.7320508075688772 1.224744871391589 6.442049363362563 
1: 19.11805429430516 1.7320508075688772 2.0 5.338539126015656 6.442049363362563 
1: 26.239283526803852 1.7320508075688772 2.0 11.022703842524301 7.7781745930520225 
0: 1.0 1.224744871391589 3.4641016151377544 1.224744871391589 0.7071067811865476 
0: 5.656854249492381 6.363961030678928 1.0 0.7071067811865476 3.6742346141747673 
0: 4.242640687119285 6.363961030678928 0.0 0.7071067811865476 3.6742346141747673 
0: 1.7320508075688772 2.1213203435596424 0.0 0.7071067811865476 2.1213203435596424 
0: 0.0 2.1213203435596424 0.0 0.7071067811865476 2.1213203435596424 
0: 2.8284271247461903 0.7071067811865476 2.8284271247461903 3.5355339059327378 1.224744871391589 
0: 5.656854249492381 3.6742346141747673 4.242640687119285 4.949747468305833 2.345207879911715 
1: 4.242640687119285 2.345207879911715 4.242640687119285 4.949747468305833 1.224744871391589 
1: 2.449489742783178 2.345207879911715 13.341664064126334 4.636809247747852 2.1213203435596424 
1: 4.0 2.1213203435596424 19.8997487421324 15.668439615992398 3.5355339059327378 
0: 38.67815921162743 16.24807680927192 7.14142842854285 7.681145747868608 8.12403840463596 
1: 13.341664064126334 9.38083151964686 4.358898943540674 1.4142135623730951 5.196152422706632 
1: 3.0 4.69041575982343 3.0 0.0 3.0 
1: 3.0 4.69041575982343 1.4142135623730951 0.0 1.4142135623730951 
1: 4.358898943540674 4.69041575982343 8.717797887081348 3.0 1.7320508075688772 
1: 4.242640687119285 4.358898943540674 14.45683229480096 7.3484692283495345 0.0 
0: 1.0 8.717797887081348 0.0 0.0 1.4142135623730951 
0: 0.0 4.358898943540674 0.0 0.0 0.0 
0: 0.0 1.4142135623730951 0.0 0.0 0.0 
0: 1.0 4.358898943540674 0.0 0.0 1.7320508075688772 
1: 2.449489742783178 5.744562646538029 1.4142135623730951 2.8284271247461903 1.4142135623730951 
1: 4.123105625617661 6.0 2.8284271247461903 5.744562646538029 1.4142135623730951 
1: 2.345207879911715 0.5 3.5355339059327378 3.5355339059327378 1.0 
1: 3.6742346141747673 5.678908345800274 2.1213203435596424 2.1213203435596424 0.0 
1: 2.345207879911715 4.5 2.1213203435596424 2.1213203435596424 0.0 
1: 2.1213203435596424 4.5 0.7071067811865476 2.1213203435596424 1.0 
1: 0.7071067811865476 2.0615528128088303 0.7071067811865476 0.7071067811865476 1.0 
1: 1.224744871391589 1.5 0.7071067811865476 0.7071067811865476 1.0 
1: 1.224744871391589 0.5 0.7071067811865476 1.224744871391589 1.0 
1: 3.6742346141747673 3.2015621187164243 2.1213203435596424 2.345207879911715 1.4142135623730951 
1: 6.442049363362563 3.774917217635375 2.1213203435596424 2.345207879911715 1.7320508075688772 
1: 10.606601717798213 2.0615528128088303 0.7071067811865476 2.1213203435596424 1.7320508075688772 
0: 6.0 3.0 3.4641016151377544 7.14142842854285 0.0 
0: 1.0 1.4142135623730951 3.4641016151377544 5.744562646538029 0.0 
0: 1.0 0.0 3.0 3.0 1.0 
1: 1.7320508075688772 1.4142135623730951 9.0 7.3484692283495345 1.0 
1: 2.0 1.4142135623730951 10.344080432788601 10.099504938362077 0.0 
1: 1.0 1.0 14.2828568570857 14.2828568570857 0.0 
0: 7.516648189186454 9.836157786453 17.839562774911272 10.874281585465774 3.3166247903554 
0: 6.363961030678928 6.5383484153110105 13.865424623862047 9.604686356149273 3.3166247903554 
0: 6.363961030678928 3.570714214271425 10.874281585465774 8.381527307120106 2.0 
0: 4.636809247747852 2.598076211353316 4.5 4.924428900898052 1.0 
1: 2.345207879911715 2.179449471770337 4.5 1.5 0.0 
1: 2.345207879911715 2.179449471770337 4.5 2.0615528128088303 0.0 
1: 4.06201920231798 2.179449471770337 9.912113800799505 5.852349955359813 0.0 
1: 6.670832032063167 2.598076211353316 9.912113800799505 8.616843969807043 0.0 
1: 9.246621004453464 1.6583123951777 11.324751652906125 11.324751652906125 1.7320508075688772 
1: 16.294170736800325 0.8660254037844386 12.816005617976296 15.56438241627338 1.0 
0: 29.53387885124472 13.341664064126334 0.0 2.449489742783178 8.5 
0: 32.00390601161052 14.45683229480096 0.0 7.14142842854285 8.5 
0: 26.272609310839304 13.341664064126334 0.0 7.14142842854285 7.22841614740048 
0: 10.21028892833107 8.717797887081348 2.8284271247461903 7.0710678118654755 4.272001872658765 
1: 2.8722813232690143 3.0 2.8284271247461903 2.8284271247461903 1.5 
1: 12.816005617976296 3.0 0.0 2.8284271247461903 1.5 
1: 11.412712210513327 10.677078252031311 0.0 1.4142135623730951 7.5 
0: 10.012492197250394 13.674794331177344 0.0 2.8284271247461903 9.17877987534291 
0: 5.852349955359813 13.674794331177344 0.0 2.8284271247461903 9.604686356149273 
0: 2.8722813232690143 10.677078252031311 0.0 1.4142135623730951 8.381527307120106 
0: 18.49324200890693 6.4031242374328485 3.0 5.656854249492381 4.358898943540674 
0: 18.627936010197157 4.358898943540674 1.4142135623730951 1.7320508075688772 2.8284271247461903 
0: 0.0 0.0 1.4142135623730951 1.4142135623730951 0.0 
0: 2.8284271247461903 3.0 2.8284271247461903 1.4142135623730951 1.7320508075688772 
0: 12.884098726725126 8.54400374531753 0.0 1.7320508075688772 3.0 
0: 18.627936010197157 12.767145334803704 1.4142135623730951 4.358898943540674 5.744562646538029 
0: 5.338539126015656 24.0 3.570714214271425 3.6742346141747673 14.33527118683145 
0: 2.1213203435596424 12.36931687685298 2.598076211353316 2.9154759474226504 8.336666000266533 
0: 2.1213203435596424 7.681145747868608 2.598076211353316 1.224744871391589 5.338539126015656 
1: 4.06201920231798 3.0 1.6583123951777 0.7071067811865476 2.345207879911715 
1: 5.787918451395113 2.8284271247461903 0.8660254037844386 1.224744871391589 2.1213203435596424 
1: 5.338539126015656 4.242640687119285 0.8660254037844386 2.1213203435596424 3.5355339059327378 
1: 2.1213203435596424 5.744562646538029 3.278719262151 3.6742346141747673 5.049752469181039 
1: 3.5355339059327378 4.69041575982343 4.092676385936225 2.1213203435596424 3.5355339059327378 
0: 8.74642784226795 3.3166247903554 3.278719262151 2.1213203435596424 0.7071067811865476 
0: 11.554220008291344 6.164414002968976 3.278719262151 2.345207879911715 1.224744871391589 
0: 8.660254037844387 6.164414002968976 8.660254037844387 5.830951894845301 4.898979485566356 
1: 5.196152422706632 3.0 6.928203230275509 5.196152422706632 3.3166247903554 
1: 3.0 1.7320508075688772 1.7320508075688772 2.449489742783178 1.0 
1: 0.0 1.4142135623730951 0.0 0.0 0.0 
1: 7.681145747868608 2.449489742783178 2.449489742783178 5.196152422706632 1.0 
1: 12.36931687685298 2.0 4.123105625617661 9.38083151964686 1.0 
1: 19.339079605813716 2.449489742783178 5.196152422706632 16.34013463836819 1.4142135623730951 
0: 19.209372712298546 9.0 11.090536506409418 20.46948949045872 5.744562646538029 
0: 11.575836902790225 1.7320508075688772 1.4142135623730951 10.392304845413264 0.0 
0: 3.4641016151377544 0.0 3.0 2.0 0.0 
1: 0.0 1.4142135623730951 0.0 1.4142135623730951 1.0 
1: 6.928203230275509 1.7320508075688772 0.0 3.4641016151377544 1.4142135623730951 
1: 6.557438524302 0.0 1.7320508075688772 3.3166247903554 1.7320508075688772 
1: 4.0 0.0 0.0 2.449489742783178 1.0 
0: 8.54400374531753 15.256146302392358 16.748134224444225 10.099504938362077 6.4031242374328485 
0: 7.3484692283495345 15.835087622113116 19.73575435599055 12.0 6.928203230275509 
0: 7.681145747868608 8.52936105461599 17.334935823359714 11.090536506409418 4.123105625617661 
0: 4.69041575982343 2.598076211353316 5.049752469181039 7.681145747868608 2.0 
0: 1.7320508075688772 0.8660254037844386 0.7071067811865476 1.7320508075688772 0.0 
1: 1.7320508075688772 3.278719262151 0.7071067811865476 1.7320508075688772 0.0 
1: 5.830951894845301 3.278719262151 0.7071067811865476 5.196152422706632 1.7320508075688772 
1: 16.186414056238647 0.8660254037844386 3.5355339059327378 9.848857801796104 2.8284271247461903 
1: 28.337254630609507 3.570714214271425 7.7781745930520225 15.7797338380595 5.744562646538029 
0: 40.620192023179804 4.9749371855331 7.7781745930520225 21.354156504062622 8.48528137423857 
1: 2.598076211353316 6.652067347825035 4.924428900898052 4.69041575982343 5.545268253204709 
1: 2.598076211353316 6.5 4.5 3.0 6.5383484153110105 
1: 1.6583123951777 5.678908345800274 3.2015621187164243 2.449489742783178 4.55521678957215 
1: 2.179449471770337 4.5 2.0615528128088303 1.7320508075688772 3.570714214271425 
1: 0.8660254037844386 1.5 0.5 1.0 2.598076211353316 
1: 3.570714214271425 2.0615528128088303 0.5 2.449489742783178 2.598076211353316 
1: 0.8660254037844386 3.5 0.5 2.449489742783178 3.570714214271425 
0: 3.570714214271425 3.5 0.5 2.449489742783178 3.570714214271425 
0: 4.9749371855331 2.0615528128088303 0.5 3.4641016151377544 2.598076211353316 
0: 6.383572667401852 2.0615528128088303 0.5 3.0 1.6583123951777 
0: 5.744562646538029 14.071247279470288 4.242640687119285 7.14142842854285 9.38083151964686 
1: 3.0 3.0 18.411952639521967 0.0 4.242640687119285 
1: 0.0 1.4142135623730951 7.14142842854285 3.0 0.0 
1: 2.8284271247461903 2.8284271247461903 2.0 3.0 1.4142135623730951 
1: 4.242640687119285 2.449489742783178 2.0 1.7320508075688772 1.7320508075688772 
1: 0.0 2.0 9.0 9.899494936611665 1.7320508075688772 
1: 8.54400374531753 5.196152422706632 10.344080432788601 18.49324200890693 3.0 
0: 13.444329659748751 14.857657958103626 26.153393661244042 15.945218719101975 4.69041575982343 
0: 13.518505834595775 16.27114009527298 21.587033144922902 14.568802284333465 5.744562646538029 
0: 9.526279441628825 13.444329659748751 7.14142842854285 11.586630226256467 4.358898943540674 
0: 7.92148975887743 9.205976319760984 7.0710678118654755 10.21028892833107 2.8284271247461903 
0: 2.598076211353316 2.179449471770337 0.0 1.5 1.7320508075688772 
0: 2.179449471770337 2.179449471770337 0.0 1.5 1.7320508075688772 
1: 5.172040216394301 4.9749371855331 0.0 2.8722813232690143 3.0 
1: 6.5383484153110105 4.9749371855331 0.0 4.5 4.242640687119285 
1: 7.92148975887743 3.840572873934304 1.4142135623730951 5.852349955359813 2.8284271247461903 
1: 6.5383484153110105 4.092676385936225 1.7320508075688772 6.18465843842649 3.0 
0: 1.7320508075688772 11.704699910719626 0.0 1.0 7.3484692283495345 
0: 1.0 7.3484692283495345 0.0 1.7320508075688772 4.358898943540674 
0: 1.7320508075688772 0.0 0.0 0.0 1.4142135623730951 
1: 1.4142135623730951 2.8284271247461903 0.0 0.0 1.4142135623730951 
1: 1.7320508075688772 3.0 1.0 1.7320508075688772 2.449489742783178 
1: 2.449489742783178 2.449489742783178 3.4641016151377544 2.0 2.449489742783178 
1: 4.69041575982343 4.358898943540674 1.0 3.4641016151377544 2.0 
1: 3.4641016151377544 0.8660254037844386 2.1213203435596424 2.449489742783178 1.6583123951777 
1: 3.3166247903554 0.8660254037844386 3.082207001484488 2.449489742783178 2.598076211353316 
1: 2.0 3.278719262151 2.1213203435596424 2.449489742783178 3.278719262151 
1: 1.0 2.179449471770337 1.224744871391589 1.7320508075688772 1.6583123951777 
1: 0.0 0.8660254037844386 0.7071067811865476 0.0 0.8660254037844386 
1: 1.0 0.8660254037844386 0.7071067811865476 1.0 0.8660254037844386 
1: 1.0 0.8660254037844386 2.1213203435596424 1.0 1.6583123951777 
1: 3.0 0.8660254037844386 0.7071067811865476 3.0 1.6583123951777 
0: 4.242640687119285 0.8660254037844386 0.7071067811865476 4.242640687119285 1.6583123951777 
0: 5.656854249492381 1.6583123951777 0.7071067811865476 5.656854249492381 1.6583123951777 
1: 24.124676163629637 10.099504938362077 14.177446878757825 11.313708498984761 5.656854249492381 
1: 9.9498743710662 4.358898943540674 7.3484692283495345 4.242640687119285 2.8284271247461903 
1: 2.8284271247461903 1.4142135623730951 1.4142135623730951 1.4142135623730951 1.0 
1: 0.0 1.0 0.0 0.0 1.7320508075688772 
1: 1.4142135623730951 3.4641016151377544 1.7320508075688772 1.0 3.0 
1: 3.0 1.7320508075688772 1.7320508075688772 1.7320508075688772 1.4142135623730951 
1: 3.4641016151377544 0.0 3.0 2.449489742783178 2.0 
