0: 5.545268253204709 21.365860619221497 11.704699910719626 17.0 14.857657958103626 
0: 6.5383484153110105 15.378556499229699 10.344080432788601 18.49324200890693 15.058220346375597 
0: 3.570714214271425 2.1213203435596424 6.0 8.54400374531753 6.06217782649107 
0: 0.8660254037844386 2.1213203435596424 4.358898943540674 1.0 3.570714214271425 
0: 4.9749371855331 4.949747468305833 7.14142842854285 9.899494936611665 5.172040216394301 
1: 4.9749371855331 6.363961030678928 9.9498743710662 2.8284271247461903 3.840572873934304 
1: 2.179449471770337 6.442049363362563 9.0 0.0 5.545268253204709 
1: 0.8660254037844386 13.910427743243556 17.69180601295413 1.7320508075688772 10.897247358851684 
0: 3.570714214271425 4.949747468305833 4.358898943540674 6.0 3.570714214271425 
0: 4.9749371855331 4.06201920231798 10.099504938362077 6.0 9.526279441628825 
0: 5.830951894845301 1.0 3.0 8.12403840463596 2.449489742783178 
0: 2.0 1.0 2.449489742783178 1.7320508075688772 3.3166247903554 
1: 7.14142842854285 11.357816691600547 4.242640687119285 14.142135623730951 4.242640687119285 
1: 8.48528137423857 6.0 3.0 12.767145334803704 2.449489742783178 
1: 1.7320508075688772 1.0 1.7320508075688772 1.0 4.0 
0: 1.0 0.0 4.358898943540674 5.656854249492381 9.899494936611665 
0: 0.0 0.0 7.0710678118654755 8.717797887081348 10.099504938362077 
1: 2.1213203435596424 2.449489742783178 3.774917217635375 2.1213203435596424 4.69041575982343 
1: 5.431390245600108 4.898979485566356 4.5 3.082207001484488 3.0 
1: 5.338539126015656 0.0 1.5 4.527692569068709 1.0 
1: 1.224744871391589 3.3166247903554 5.5 1.224744871391589 5.196152422706632 
1: 5.338539126015656 2.8284271247461903 0.5 10.606601717798213 2.0 
0: 0.7071067811865476 4.123105625617661 3.2015621187164243 2.1213203435596424 1.7320508075688772 
0: 2.1213203435596424 5.744562646538029 1.5 2.345207879911715 1.7320508075688772 
0: 2.9154759474226504 0.0 4.272001872658765 4.06201920231798 5.744562646538029 
0: 1.224744871391589 1.0 4.272001872658765 5.338539126015656 5.656854249492381 
0: 2.1213203435596424 2.8284271247461903 2.8722813232690143 2.1213203435596424 1.4142135623730951 
1: 5.656854249492381 15.588457268119896 12.767145334803704 9.9498743710662 26.94438717061496 
1: 1.0 8.717797887081348 5.744562646538029 0.0 7.0710678118654755 
1: 3.4641016151377544 1.7320508075688772 0.0 4.123105625617661 0.0 
1: 4.242640687119285 0.0 1.7320508075688772 5.196152422706632 0.0 
1: 2.8284271247461903 1.7320508075688772 0.0 4.898979485566356 0.0 
1: 4.123105625617661 2.8284271247461903 2.0 5.656854249492381 4.0 
1: 5.830951894845301 3.4641016151377544 4.0 3.3166247903554 6.0 
0: 3.5 2.449489742783178 10.012492197250394 2.8722813232690143 13.665650368716449 
0: 10.21028892833107 1.7320508075688772 7.762087348130012 4.5 22.863726730347352 
0: 17.839562774911272 1.4142135623730951 6.18465843842649 16.80029761641144 18.0208212909401 
0: 11.324751652906125 1.0 2.5 11.84271928232701 6.5383484153110105 
0: 0.5 1.7320508075688772 1.5 1.5 8.170067319184096 
0: 4.716990566028302 0.0 2.5 3.774917217635375 4.55521678957215 
1: 6.18465843842649 0.0 3.5 10.111874208078342 5.545268253204709 
1: 0.5 0.0 1.5 2.0615528128088303 3.278719262151 
1: 1.5 1.0 3.774917217635375 2.8722813232690143 5.545268253204709 
1: 2.8722813232690143 1.0 5.5 3.774917217635375 6.5383484153110105 
1: 21.79449471770337 1.7320508075688772 9.273618495495704 20.42057785666214 16.06237840420901 
1: 5.0 1.4142135623730951 5.196152422706632 7.54983443527075 18.788294228055936 
1: 2.8284271247461903 7.3484692283495345 7.54983443527075 0.0 17.916472867168917 
1: 5.0 1.0 1.7320508075688772 4.242640687119285 0.0 
1: 11.489125293076057 1.4142135623730951 7.0710678118654755 11.789826122551595 9.899494936611665 
1: 3.3166247903554 1.0 1.7320508075688772 4.242640687119285 7.54983443527075 
1: 3.4641016151377544 1.7320508075688772 1.0 8.48528137423857 6.0 
