70.96477999684069
21.236760581595302
26.870057685088806
41.012193308819754
31.11269837220809
8.48528137423857
12.767145334803704
1.224744871391589
0.7071067811865476
5.049752469181039
5.431390245600108
6.123724356957945
5.049752469181039
15.435349040433131
10.874281585465774
0.5
22.5
6.5
1.5
2.5
4.924428900898052
23.388031127053
23.57965224510319
4.358898943540674
10.099504938362077
8.18535277187245
38.09199390948182
6.928203230275509
8.48528137423857
16.0312195418814
10.344080432788601
8.717797887081348
2.449489742783178
1.4142135623730951
1.4142135623730951
3.0
1.4142135623730951
0.0
4.242640687119285
1.7320508075688772
11.090536506409418
0.0
0.0
1.4142135623730951
1.0
1.0
1.0
1.5
2.8722813232690143
5.678908345800274
1.7320508075688772
1.4142135623730951
1.4142135623730951
2.8284271247461903
5.656854249492381
4.242640687119285
7.7781745930520225
6.363961030678928
3.6742346141747673
10.21028892833107
1.5
28.324018076537094
25.5
12.971121771072847
15.628499608087784
14.221462653327892
2.5
20.530465167647808
16.38596960817394
2.345207879911715
7.035623639735144
6.123724356957945
3.3166247903554
6.4031242374328485
8.12403840463596
13.076696830622021
2.0
1.4142135623730951
1.0
12.767145334803704
10.099504938362077
4.69041575982343
1.7320508075688772
2.449489742783178
1.4142135623730951
4.242640687119285
5.744562646538029
1.0
3.0
3.4641016151377544
4.0
6.4031242374328485
2.345207879911715
1.224744871391589
2.345207879911715
8.74642784226795
3.6742346141747673
1.0
1.7320508075688772
5.830951894845301
5.196152422706632
0.0
0.0
0.0
1.4142135623730951
1.7320508075688772
61.514225996918796
25.337718918639855
16.06237840420901
18.76166303929372
18.49324200890693
17.320508075688775
17.320508075688775
21.365860619221497
22.726636354727024
1.224744871391589
3.5355339059327378
4.949747468305833
8.12403840463596
2.449489742783178
6.0
9.9498743710662
4.242640687119285
4.69041575982343
9.205976319760984
5.172040216394301
2.598076211353316
2.179449471770337
1.6583123951777
7.088723439378913
11.324751652906125
1.5
0.5
11.324751652906125
2.5
4.924428900898052
10.5
1.0
4.06201920231798
3.082207001484488
0.7071067811865476
1.224744871391589
9.246621004453464
1.224744871391589
1.224744871391589
2.1213203435596424
3.840572873934304
2.179449471770337
9.526279441628825
0.8660254037844386
21.68524844220144
3.774917217635375
7.088723439378913
2.8722813232690143
21.68524844220144
3.2015621187164243
11.324751652906125
16.977926846349646
12.737739202856996
9.848857801796104
16.24807680927192
8.48528137423857
13.674794331177344
8.717797887081348
4.242640687119285
5.830951894845301
5.049752469181039
5.338539126015656
3.6742346141747673
2.345207879911715
0.7071067811865476
0.7071067811865476
12.062338081814818
9.246621004453464
0.7071067811865476
4.898979485566356
2.8284271247461903
15.7797338380595
17.05872210923198
17.05872210923198
13.435028842544403
10.464224768228174
0.0
0.0
1.4142135623730951
0.0
4.242640687119285
0.0
0.0
3.5355339059327378
3.5355339059327378
3.5355339059327378
6.0
2.8284271247461903
1.4142135623730951
0.0
1.4142135623730951
9.38083151964686
7.088723439378913
1.7320508075688772
1.7320508075688772
3.0
4.242640687119285
2.449489742783178
1.0
0.0
5.744562646538029
4.358898943540674
19.50640920313116
0.7071067811865476
13.765899897936205
11.022703842524301
0.7071067811865476
17.930421077041107
0.7071067811865476
23.33452377915607
4.949747468305833
10.024968827881711
13.076696830622021
13.076696830622021
2.0
12.767145334803704
9.899494936611665
24.041630560342615
30.215889859476256
41.376321731154405
12.186057606953941
8.336666000266533
23.097618924902193
17.930421077041107
53.36665625650534
39.230090491866065
19.8997487421324
15.556349186104045
22.978250586152114
24.839484696748443
6.837397165588672
24.994999499899976
23.595550427993835
9.205976319760984
0.8660254037844386
4.5
0.5
1.5
0.5
1.5
1.224744871391589
1.224744871391589
43.840620433565945
16.97056274847714
14.45683229480096
4.358898943540674
2.449489742783178
10.677078252031311
1.4142135623730951
7.22841614740048
4.272001872658765
7.22841614740048
8.616843969807043
4.5
9.17877987534291
17.03672503740082
19.956202043475106
41.52408939398912
19.5
2.598076211353316
4.330127018922194
2.598076211353316
14.361406616345072
2.8722813232690143
2.0615528128088303
4.716990566028302
9.604686356149273
0.8660254037844386
15.058220346375597
8.760707733967616
14.9248115565993
8.2915619758885
7.262919523166975
3.570714214271425
2.179449471770337
14.430869689661812
11.84271928232701
6.0
12.884098726725126
12.884098726725126
9.0
2.449489742783178
1.7320508075688772
7.88986691902975
6.18465843842649
10.677078252031311
5.744562646538029
8.48528137423857
9.899494936611665
4.242640687119285
6.4031242374328485
4.69041575982343
15.149257407543116
12.389511693363866
12.36931687685298
18.411952639521967
0.0
2.8284271247461903
0.0
1.0
19.672315572906
18.35755975068582
7.681145747868608
1.0
8.48528137423857
7.54983443527075
0.0
1.4142135623730951
0.0
3.0
1.4142135623730951
27.690250992000777
7.794228634059948
12.031209415515965
32.507691397575435
19.403607911932255
15.149257407543116
1.224744871391589
2.345207879911715
3.5355339059327378
6.442049363362563
6.442049363362563
2.9154759474226504
2.345207879911715
7.262919523166975
0.8660254037844386
7.7781745930520225
0.7071067811865476
0.7071067811865476
23.46806340540267
24.994999499899976
12.864680330268607
10.024968827881711
7.7781745930520225
4.06201920231798
2.1213203435596424
0.7071067811865476
2.1213203435596424
13.171939872319491
18.01388353465182
7.842193570679061
2.1213203435596424
42.59401366389413
13.720422734012244
2.0615528128088303
12.175795661885921
56.216100896451366
57.88134414472422
6.837397165588672
12.114041439585717
10.618380290797651
3.570714214271425
4.9749371855331
3.570714214271425
17.684739183827393
17.853571071357123
17.67766952966369
20.530465167647808
12.020815280171307
0.7071067811865476
13.47219358530748
16.263455967290593
2.1213203435596424
1.224744871391589
4.527692569068709
11.022703842524301
4.527692569068709
2.345207879911715
7.842193570679061
18.587630295441105
19.836834424877374
20.700241544484452
12.99038105676658
11.521718621802913
7.533259586659682
2.179449471770337
7.399324293474371
9.836157786453
6.383572667401852
6.06217782649107
7.088723439378913
11.84271928232701
5.852349955359813
5.5
8.0156097709407
2.8722813232690143
0.5
6.5
8.958236433584458
7.5
9.246621004453464
8.031189202104505
0.7071067811865476
3.5355339059327378
6.442049363362563
18.452642087245934
3.6742346141747673
6.670832032063167
3.5355339059327378
1.224744871391589
5.049752469181039
3.082207001484488
6.363961030678928
10.653637876331258
2.345207879911715
10.464224768228174
3.4641016151377544
2.0
8.54400374531753
8.54400374531753
2.8284271247461903
0.0
5.196152422706632
2.449489742783178
9.0
12.806248474865697
5.049752469181039
6.670832032063167
3.5355339059327378
20.603397778036516
11.022703842524301
3.5355339059327378
4.636809247747852
6.363961030678928
6.442049363362563
3.6742346141747673
0.7071067811865476
0.7071067811865476
5.787918451395113
5.338539126015656
9.192388155425117
9.192388155425117
10.606601717798213
5.787918451395113
10.862780491200215
21.307275752662516
35.41186241925155
1.0
0.0
22.627416997969522
5.830951894845301
1.4142135623730951
25.632011235952593
18.193405398660254
0.7071067811865476
6.363961030678928
3.6742346141747673
7.842193570679061
8.276472678623424
9.40744386111339
3.5355339059327378
4.06201920231798
4.949747468305833
0.7071067811865476
0.7071067811865476
0.7071067811865476
7.7781745930520225
1.224744871391589
1.224744871391589
1.224744871391589
1.0
6.928203230275509
14.45683229480096
14.142135623730951
12.727922061357855
0.0
0.0
7.3484692283495345
6.4031242374328485
26.888659319497503
9.9498743710662
7.14142842854285
4.358898943540674
4.0
1.4142135623730951
0.0
1.7320508075688772
1.4142135623730951
2.8284271247461903
1.4142135623730951
1.0
1.0
1.0
0.0
4.242640687119285
12.0
5.196152422706632
5.744562646538029
6.363961030678928
5.338539126015656
4.527692569068709
0.7071067811865476
2.1213203435596424
2.1213203435596424
2.1213203435596424
2.9154759474226504
0.7071067811865476
2.1213203435596424
1.7320508075688772
4.358898943540674
4.358898943540674
5.656854249492381
1.4142135623730951
1.7320508075688772
2.449489742783178
2.449489742783178
2.1213203435596424
2.1213203435596424
0.7071067811865476
5.338539126015656
8.031189202104505
4.636809247747852
2.1213203435596424
3.5355339059327378
1.224744871391589
5.049752469181039
6.442049363362563
3.5355339059327378
0.7071067811865476
2.1213203435596424
3.6742346141747673
3.5355339059327378
6.363961030678928
6.363961030678928
5.049752469181039
0.7071067811865476
2.1213203435596424
1.224744871391589
0.7071067811865476
0.7071067811865476
2.1213203435596424
2.1213203435596424
6.363961030678928
7.842193570679061
14.142135623730951
1.4142135623730951
1.4142135623730951
2.8284271247461903
9.9498743710662
7.14142842854285
4.358898943540674
3.0
2.1213203435596424
3.6742346141747673
10.222524150130436
14.577379737113251
11.895377253370318
3.6742346141747673
2.1213203435596424
4.06201920231798
8.74642784226795
8.093207028119323
4.9749371855331
2.598076211353316
3.278719262151
2.179449471770337
2.179449471770337
2.598076211353316
2.598076211353316
5.894913061275798
22.315913604421397
3.0
2.449489742783178
5.196152422706632
1.0
4.242640687119285
3.0
4.123105625617661
2.449489742783178
12.36931687685298
5.5
5.5
7.88986691902975
12.971121771072847
8.845903006477066
2.5
10.5
11.84271928232701
11.313708498984761
3.0
8.54400374531753
4.242640687119285
5.744562646538029
4.69041575982343
2.0
2.0
0.0
22.181073012818835
31.823733281939127
23.339880033967614
6.383572667401852
6.383572667401852
2.598076211353316
3.840572873934304
2.179449471770337
7.399324293474371
61.741396161732524
66.0
24.55605831561735
1.4142135623730951
2.449489742783178
2.449489742783178
4.358898943540674
4.242640687119285
3.4641016151377544
5.744562646538029
47.43680006071236
14.150971698084906
8.616843969807043
3.2015621187164243
2.8722813232690143
5.678908345800274
11.324751652906125
17.327723451163457
3.840572873934304
1.6583123951777
0.8660254037844386
2.179449471770337
8.52936105461599
5.545268253204709
5.722761571129799
3.570714214271425
17.514279888136993
23.16786567640619
19.091883092036785
35.16390194503448
8.74642784226795
6.363961030678928
2.1213203435596424
8.74642784226795
11.335784048754634
13.019216566291536
8.986100377805714
7.794228634059948
3.570714214271425
4.9749371855331
2.598076211353316
3.278719262151
6.06217782649107
1.6583123951777
2.179449471770337
31.85514087239295
48.106652346634974
41.08831950810352
6.652067347825035
3.774917217635375
2.0615528128088303
9.604686356149273
11.84271928232701
15.945218719101975
6.5383484153110105
2.179449471770337
2.598076211353316
3.840572873934304
0.8660254037844386
2.179449471770337
1.6583123951777
5.172040216394301
12.278029157808675
5.545268253204709
17.0
37.62977544445356
13.674794331177344
5.196152422706632
1.7320508075688772
12.767145334803704
12.767145334803704
14.177446878757825
38.41874542459709
32.68026927673638
9.899494936611665
0.0
0.0
4.242640687119285
5.744562646538029
3.0
1.0
27.76688675382964
29.266021253323792
36.93913913452776
21.94310825749169
2.345207879911715
3.5355339059327378
2.1213203435596424
6.670832032063167
15.149257407543116
4.636809247747852
7.035623639735144
2.1213203435596424
2.9154759474226504
2.345207879911715
2.1213203435596424
12.668859459319927
4.949747468305833
6.442049363362563
17.334935823359714
46.419284785528525
34.8245602987317
12.031209415515965
2.179449471770337
2.179449471770337
4.9749371855331
17.514279888136993
22.863726730347352
3.6742346141747673
0.7071067811865476
14.33527118683145
9.246621004453464
10.464224768228174
0.7071067811865476
6.442049363362563
19.091883092036785
13.435028842544403
30.99193443462347
37.57658845611187
40.607881008493905
25.45584412271571
5.196152422706632
5.830951894845301
10.677078252031311
32.526911934581186
33.94112549695428
