10.712142642814275
3.570714214271425
0.8660254037844386
2.598076211353316
4.5
1.5
0.5
0.5
0.5
1.5
1.5
9.0
9.0
4.358898943540674
1.7320508075688772
7.0710678118654755
2.449489742783178
1.7320508075688772
0.0
0.0
1.4142135623730951
1.4142135623730951
0.0
1.4142135623730951
1.0
3.0
2.0
1.0
1.0
1.7320508075688772
8.660254037844387
2.179449471770337
3.570714214271425
0.8660254037844386
2.179449471770337
6.18465843842649
1.5
1.5
0.5
3.5
0.5
3.774917217635375
16.635804759614125
5.722761571129799
3.840572873934304
44.39313009914935
5.722761571129799
0.8660254037844386
3.570714214271425
2.598076211353316
0.8660254037844386
3.082207001484488
4.636809247747852
2.8722813232690143
0.5
1.5
0.5
2.0615528128088303
0.0
1.7320508075688772
3.0
1.0
5.744562646538029
1.4142135623730951
1.7320508075688772
1.7320508075688772
8.54400374531753
1.224744871391589
2.1213203435596424
1.224744871391589
5.049752469181039
1.224744871391589
7.3484692283495345
5.744562646538029
3.0
3.570714214271425
2.179449471770337
4.092676385936225
0.7071067811865476
0.7071067811865476
2.345207879911715
1.224744871391589
2.345207879911715
4.69041575982343
1.0
1.5
5.678908345800274
10.012492197250394
4.272001872658765
4.5
1.5
0.5
7.681145747868608
4.898979485566356
4.358898943540674
3.570714214271425
3.570714214271425
3.570714214271425
1.224744871391589
0.7071067811865476
2.9154759474226504
2.1213203435596424
0.8660254037844386
2.179449471770337
1.6583123951777
1.0
1.0
0.7071067811865476
0.7071067811865476
1.224744871391589
1.224744871391589
0.7071067811865476
0.7071067811865476
2.345207879911715
1.0
1.4142135623730951
1.4142135623730951
3.0
1.4142135623730951
1.4142135623730951
6.4031242374328485
0.0
4.358898943540674
3.0
1.7320508075688772
0.0
1.4142135623730951
0.0
1.7320508075688772
2.8284271247461903
4.358898943540674
7.035623639735144
1.224744871391589
5.049752469181039
3.082207001484488
0.7071067811865476
2.598076211353316
0.8660254037844386
0.8660254037844386
2.598076211353316
4.092676385936225
4.55521678957215
5.744562646538029
10.344080432788601
1.4142135623730951
4.358898943540674
3.0
1.0
2.0
2.449489742783178
1.224744871391589
7.516648189186454
6.363961030678928
5.338539126015656
2.598076211353316
5.172040216394301
3.570714214271425
4.9749371855331
2.598076211353316
3.840572873934304
6.837397165588672
3.3166247903554
3.0
3.0
3.082207001484488
0.7071067811865476
1.224744871391589
2.1213203435596424
4.06201920231798
5.787918451395113
2.179449471770337
9.526279441628825
6.383572667401852
7.794228634059948
11.521718621802913
5.172040216394301
2.598076211353316
6.689544080129826
4.242640687119285
3.0
0.0
2.8722813232690143
0.5
3.2015621187164243
4.924428900898052
0.5
0.5
3.774917217635375
4.06201920231798
2.1213203435596424
1.224744871391589
2.1213203435596424
0.7071067811865476
2.1213203435596424
15.149257407543116
17.930421077041107
9.246621004453464
3.5355339059327378
4.636809247747852
12.186057606953941
12.062338081814818
3.5355339059327378
2.0615528128088303
5.5
5.852349955359813
4.5
19.73575435599055
14.33527118683145
1.224744871391589
2.1213203435596424
3.6742346141747673
2.1213203435596424
6.363961030678928
4.527692569068709
5.830951894845301
4.898979485566356
1.4142135623730951
4.69041575982343
10.677078252031311
8.48528137423857
0.5
5.678908345800274
14.150971698084906
2.1213203435596424
3.6742346141747673
1.224744871391589
0.7071067811865476
2.598076211353316
2.598076211353316
4.9749371855331
2.598076211353316
4.5
3.2015621187164243
4.5
2.8722813232690143
0.5
1.5
2.8722813232690143
1.5
1.5
1.5
14.696938456699069
2.449489742783178
2.449489742783178
15.0
18.627936010197157
21.587033144922902
1.0
5.196152422706632
1.7320508075688772
4.358898943540674
1.7320508075688772
6.0
1.0
3.0
1.4142135623730951
0.0
1.7320508075688772
2.8284271247461903
6.928203230275509
1.7320508075688772
2.179449471770337
2.598076211353316
7.794228634059948
23.339880033967614
0.8660254037844386
2.598076211353316
1.4142135623730951
1.4142135623730951
1.4142135623730951
0.0
2.8284271247461903
1.7320508075688772
0.0
0.0
0.0
10.606601717798213
8.031189202104505
5.830951894845301
4.0
2.0
4.123105625617661
7.3484692283495345
8.12403840463596
11.324751652906125
2.0615528128088303
6.18465843842649
11.335784048754634
23.86419912756345
17.014699527173555
6.363961030678928
6.363961030678928
4.527692569068709
5.049752469181039
1.5
2.0615528128088303
0.5
1.5
2.8722813232690143
3.774917217635375
2.0615528128088303
4.358898943540674
5.744562646538029
2.8284271247461903
1.4142135623730951
4.898979485566356
13.892443989449804
25.942243542145693
4.242640687119285
5.830951894845301
7.842193570679061
2.1213203435596424
0.7071067811865476
10.606601717798213
20.603397778036516
5.431390245600108
1.0
1.7320508075688772
1.0
1.4142135623730951
1.4142135623730951
0.8660254037844386
0.8660254037844386
0.8660254037844386
2.598076211353316
2.179449471770337
2.179449471770337
0.8660254037844386
0.8660254037844386
7.0710678118654755
5.5
8.5
13.865424623862047
20.54872258803452
15.56438241627338
7.5
16.015617378046965
4.636809247747852
9.82344135219425
4.636809247747852
36.88495628301598
2.9154759474226504
4.636809247747852
8.031189202104505
2.1213203435596424
10.793516572461451
16.38596960817394
10.606601717798213
6.363961030678928
10.024968827881711
7.314369419163897
6.363961030678928
