2.8284271247461903
1.7320508075688772
1.4142135623730951
0.0
0.7071067811865476
2.1213203435596424
2.345207879911715
1.224744871391589
0.7071067811865476
0.7071067811865476
2.1213203435596424
10.392304845413264
10.677078252031311
6.0
1.4142135623730951
3.6742346141747673
0.7071067811865476
2.345207879911715
0.7071067811865476
0.7071067811865476
0.7071067811865476
0.7071067811865476
0.0
0.0
0.0
1.5
1.5
0.5
1.5
2.0615528128088303
2.8722813232690143
0.0
1.4142135623730951
0.0
1.4142135623730951
4.69041575982343
1.0
1.4142135623730951
0.0
2.449489742783178
0.0
1.0
14.361406616345072
10.5
4.5
27.358728040608906
7.516648189186454
0.7071067811865476
0.7071067811865476
3.6742346141747673
0.7071067811865476
2.598076211353316
1.6583123951777
0.0
1.7320508075688772
1.4142135623730951
2.449489742783178
2.0
0.0
0.0
1.4142135623730951
2.449489742783178
0.7071067811865476
1.224744871391589
0.7071067811865476
2.1213203435596424
6.363961030678928
0.5
4.5
2.5
1.5
0.5
8.170067319184096
7.92148975887743
3.840572873934304
1.5
0.5
1.5
1.7320508075688772
1.0
1.4142135623730951
1.4142135623730951
0.0
3.2015621187164243
1.5
0.5
3.2015621187164243
8.845903006477066
4.5
3.5
4.924428900898052
0.5
0.7071067811865476
3.082207001484488
1.224744871391589
2.0
1.4142135623730951
4.242640687119285
1.4142135623730951
2.8284271247461903
1.0
1.4142135623730951
1.0
1.7320508075688772
0.0
2.179449471770337
2.179449471770337
0.5
0.5
0.5
0.5
0.5
0.5
0.5
0.0
0.0
1.4142135623730951
1.0
0.0
1.7320508075688772
1.7320508075688772
0.0
2.8284271247461903
0.0
1.7320508075688772
0.7071067811865476
2.345207879911715
0.7071067811865476
1.224744871391589
2.345207879911715
3.6742346141747673
1.4142135623730951
0.0
3.0
2.0
1.7320508075688772
2.0
0.0
0.0
0.0
1.7320508075688772
1.7320508075688772
7.681145747868608
8.12403840463596
3.0
2.1213203435596424
3.6742346141747673
2.345207879911715
1.224744871391589
0.7071067811865476
1.7320508075688772
4.242640687119285
6.0
2.8284271247461903
7.842193570679061
2.345207879911715
0.7071067811865476
2.345207879911715
0.7071067811865476
0.7071067811865476
0.7071067811865476
1.5
2.8722813232690143
2.5
2.598076211353316
1.6583123951777
2.179449471770337
2.179449471770337
0.8660254037844386
1.6583123951777
1.5
5.5
1.5
3.6742346141747673
7.035623639735144
2.345207879911715
0.7071067811865476
2.9154759474226504
1.5
5.5
0.5
1.5
1.5
0.5
1.5
0.5
0.5
1.5
1.6583123951777
1.6583123951777
2.598076211353316
0.8660254037844386
0.8660254037844386
2.179449471770337
6.5383484153110105
6.5383484153110105
2.179449471770337
0.8660254037844386
5.545268253204709
12.114041439585717
10.618380290797651
1.6583123951777
2.598076211353316
3.278719262151
2.179449471770337
2.598076211353316
11.521718621802913
7.794228634059948
1.6583123951777
2.1213203435596424
2.1213203435596424
0.7071067811865476
3.5355339059327378
3.6742346141747673
4.06201920231798
5.338539126015656
2.9154759474226504
1.224744871391589
4.06201920231798
0.7071067811865476
2.449489742783178
3.0
11.357816691600547
1.5
4.924428900898052
3.774917217635375
0.5
1.6583123951777
1.6583123951777
2.598076211353316
1.6583123951777
1.224744871391589
2.1213203435596424
3.082207001484488
2.1213203435596424
2.345207879911715
0.7071067811865476
1.224744871391589
0.7071067811865476
1.224744871391589
2.1213203435596424
9.669539802906858
1.224744871391589
1.224744871391589
9.669539802906858
12.186057606953941
8.031189202104505
0.8660254037844386
3.570714214271425
2.9154759474226504
2.1213203435596424
0.7071067811865476
3.5355339059327378
0.7071067811865476
2.345207879911715
0.7071067811865476
2.1213203435596424
1.0
1.4142135623730951
17.97220075561143
1.0
2.1213203435596424
3.5355339059327378
9.192388155425117
17.67766952966369
0.7071067811865476
2.1213203435596424
2.179449471770337
2.179449471770337
0.8660254037844386
2.8284271247461903
0.0
0.0
0.0
0.0
0.0
6.442049363362563
5.049752469181039
5.5
2.5
2.0615528128088303
2.5
3.2015621187164243
2.8722813232690143
8.276472678623424
1.224744871391589
4.06201920231798
3.6742346141747673
23.67488120350343
23.86419912756345
13.583077707206124
3.6742346141747673
2.1213203435596424
3.082207001484488
1.5
0.5
2.8722813232690143
0.5
4.272001872658765
2.0615528128088303
1.5
1.7320508075688772
3.0
2.8284271247461903
2.0
1.0
8.660254037844387
30.736785778607366
3.570714214271425
4.9749371855331
6.4031242374328485
3.4641016151377544
2.8284271247461903
9.899494936611665
15.684387141358123
5.744562646538029
0.0
1.4142135623730951
0.0
1.0
0.0
1.0
1.4142135623730951
0.0
2.449489742783178
1.4142135623730951
1.7320508075688772
0.0
0.0
3.5355339059327378
7.035623639735144
3.6742346141747673
3.6742346141747673
9.246621004453464
5.338539126015656
6.96419413859206
10.874281585465774
5.315072906367325
8.616843969807043
4.5
28.142494558940577
6.0
3.4641016151377544
7.681145747868608
4.358898943540674
9.0
5.744562646538029
3.0
5.656854249492381
9.0
3.774917217635375
3.774917217635375
