8.54400374531753
21.587033144922902
22.338307903688676
31.176914536239792
21.236760581595302
22.64950330581225
18.384776310850235
13.076696830622021
16.97056274847714
21.236760581595302
22.64950330581225
27.285527299284507
21.459263733874934
3.082207001484488
0.7071067811865476
15.88238017426859
2.8722813232690143
2.5
1.5
5.678908345800274
4.272001872658765
8.381527307120106
4.5
13.047988350699889
21.17191535974013
16.34013463836819
14.071247279470288
11.789826122551595
51.96152422706632
41.02438299353203
10.862780491200215
45.43126676640219
1.4142135623730951
9.38083151964686
5.744562646538029
7.14142842854285
1.7320508075688772
1.0
5.0
8.12403840463596
3.0
3.4641016151377544
5.744562646538029
7.3484692283495345
3.3166247903554
6.557438524302
7.0710678118654755
4.242640687119285
1.4142135623730951
2.8284271247461903
1.0
0.0
1.7320508075688772
5.678908345800274
1.5
2.0615528128088303
5.5
4.924428900898052
3.0
1.7320508075688772
7.0710678118654755
1.7320508075688772
6.442049363362563
7.035623639735144
4.636809247747852
3.6742346141747673
5.338539126015656
5.852349955359813
7.22841614740048
4.06201920231798
2.9154759474226504
2.345207879911715
8.54400374531753
1.4142135623730951
5.744562646538029
4.123105625617661
6.6332495807108
13.30413469565007
1.0
1.4142135623730951
3.082207001484488
6.442049363362563
5.787918451395113
6.0
0.0
1.7320508075688772
1.0
0.0
0.0
0.0
0.0
11.313708498984761
47.085029467974216
14.2828568570857
15.684387141358123
19.091883092036785
4.06201920231798
2.1213203435596424
10.344080432788601
9.0
4.242640687119285
4.242640687119285
6.383572667401852
11.169153951844338
11.169153951844338
6.652067347825035
0.5
1.4142135623730951
1.7320508075688772
1.7320508075688772
4.242640687119285
9.9498743710662
9.899494936611665
1.0
5.431390245600108
1.224744871391589
0.8660254037844386
12.114041439585717
10.618380290797651
4.9749371855331
24.540782383616055
7.3484692283495345
1.224744871391589
0.7071067811865476
2.1213203435596424
0.7071067811865476
2.1213203435596424
3.5355339059327378
3.6742346141747673
1.224744871391589
1.224744871391589
21.42428528562855
4.123105625617661
2.8284271247461903
4.358898943540674
5.196152422706632
2.1213203435596424
5.049752469181039
3.5355339059327378
1.224744871391589
2.345207879911715
0.7071067811865476
0.0
3.0
0.0
3.5355339059327378
3.6742346141747673
10.606601717798213
5.338539126015656
6.123724356957945
3.4641016151377544
1.0
1.7320508075688772
9.0
7.5
5.678908345800274
1.5
1.5
16.5
21.17191535974013
25.184320518926057
2.8284271247461903
6.0
8.717797887081348
2.8284271247461903
1.7320508075688772
9.0
2.8284271247461903
1.4142135623730951
1.4142135623730951
4.06201920231798
23.33452377915607
4.949747468305833
11.022703842524301
14.983324063771697
7.7781745930520225
1.224744871391589
10.606601717798213
5.744562646538029
0.0
2.0
5.744562646538029
1.4142135623730951
1.0
0.0
7.0710678118654755
1.0
13.341664064126334
2.1213203435596424
6.363961030678928
12.062338081814818
12.186057606953941
2.1213203435596424
2.1213203435596424
7.22841614740048
16.00781059358212
15.173990905493518
8.5
2.8722813232690143
2.8722813232690143
7.22841614740048
8.616843969807043
15.556349186104045
22.715633383201094
22.715633383201094
22.715633383201094
35.25265947414464
33.68605052540295
0.8660254037844386
0.5
3.5
5.5
5.5
0.5
2.345207879911715
10.793516572461451
4.636809247747852
5.787918451395113
1.224744871391589
6.442049363362563
18.384776310850235
18.49324200890693
39.59797974644666
6.18465843842649
24.088378940891808
24.088378940891808
4.272001872658765
12.737739202856996
14.150971698084906
15.56438241627338
4.272001872658765
9.526279441628825
20.512191496766015
19.09842925478428
13.444329659748751
2.179449471770337
2.8722813232690143
3.2015621187164243
4.5
8.958236433584458
7.5
19.09842925478428
10.897247358851684
5.545268253204709
6.5383484153110105
6.383572667401852
4.9749371855331
9.836157786453
18.513508581573618
1.5
1.5
4.716990566028302
4.5
8.845903006477066
4.272001872658765
1.5
15.56438241627338
4.358898943540674
4.69041575982343
6.557438524302
7.3484692283495345
1.5
2.0615528128088303
11.412712210513327
18.39157415774952
12.816005617976296
3.774917217635375
10.344080432788601
9.38083151964686
18.35755975068582
12.186057606953941
11.726039399558575
10.793516572461451
23.33452377915607
21.920310216782973
20.506096654409877
0.0
2.0
3.0
4.0
4.123105625617661
22.64950330581225
33.95585369269929
36.823905279043935
1.0
8.48528137423857
15.556349186104045
4.330127018922194
6.5383484153110105
8.170067319184096
3.840572873934304
3.840572873934304
17.741194999210173
21.97157254271983
0.8660254037844386
4.092676385936225
2.598076211353316
5.172040216394301
3.840572873934304
3.840572873934304
4.55521678957215
6.670832032063167
10.793516572461451
6.670832032063167
12.389511693363866
8.74642784226795
11.726039399558575
12.062338081814818
3.5355339059327378
2.1213203435596424
4.330127018922194
3.278719262151
2.179449471770337
0.8660254037844386
4.9749371855331
5.172040216394301
14.33527118683145
14.882876066137216
6.442049363362563
6.363961030678928
2.1213203435596424
19.150718002205558
9.205976319760984
13.444329659748751
13.444329659748751
5.172040216394301
3.570714214271425
2.179449471770337
2.179449471770337
1.224744871391589
1.224744871391589
17.790446874657196
15.378556499229699
17.334935823359714
8.573214099741124
1.224744871391589
12.971121771072847
10.012492197250394
11.84271928232701
2.0615528128088303
16.859715300087366
1.5
3.2015621187164243
0.5
4.272001872658765
35.64056677439347
42.66438795998368
39.85285435197835
9.313968005098578
3.840572873934304
9.246621004453464
3.082207001484488
