10.653637876331258
19.50640920313116
20.700241544484452
27.595289453093258
19.196353820452465
21.94310825749169
19.091883092036785
12.389511693363866
14.849242404917497
20.506096654409877
21.94310825749169
29.008619408720573
19.403607911932255
5.049752469181039
1.224744871391589
14.773286702694158
2.8722813232690143
2.5
1.5
5.678908345800274
4.272001872658765
7.22841614740048
5.678908345800274
12.419742348374221
20.254629100529094
12.864680330268607
12.708265027138834
7.842193570679061
52.15841255253078
39.86853395849915
10.222524150130436
43.94314508543966
1.4142135623730951
11.090536506409418
7.0710678118654755
9.669539802906858
2.1213203435596424
2.1213203435596424
5.431390245600108
6.041522986797286
2.1213203435596424
2.1213203435596424
4.949747468305833
5.049752469181039
4.06201920231798
5.722761571129799
7.794228634059948
3.570714214271425
0.8660254037844386
2.179449471770337
0.8660254037844386
0.0
1.7320508075688772
5.678908345800274
1.5
1.5
4.924428900898052
4.5
3.0
1.7320508075688772
7.0710678118654755
1.7320508075688772
6.363961030678928
6.670832032063167
5.787918451395113
3.6742346141747673
3.5355339059327378
5.049752469181039
7.842193570679061
4.5
2.0615528128088303
1.5
7.14142842854285
1.4142135623730951
4.358898943540674
2.449489742783178
4.242640687119285
12.806248474865697
1.0
0.0
2.598076211353316
4.9749371855331
5.545268253204709
6.0
0.0
1.7320508075688772
1.0
0.0
0.0
0.0
0.0
11.313708498984761
38.02630668366309
14.177446878757825
15.84297951775486
16.263455967290593
5.431390245600108
3.082207001484488
9.669539802906858
9.669539802906858
4.06201920231798
3.5355339059327378
4.242640687119285
10.677078252031311
10.677078252031311
4.330127018922194
0.8660254037844386
1.5
1.5
0.5
2.8722813232690143
9.912113800799505
9.912113800799505
0.5
5.830951894845301
2.0
1.7320508075688772
11.357816691600547
11.313708498984761
5.656854249492381
23.96351393264352
6.689544080129826
2.1213203435596424
0.7071067811865476
2.1213203435596424
0.0
2.8284271247461903
2.8284271247461903
1.7320508075688772
1.7320508075688772
1.7320508075688772
20.1059692628831
2.8722813232690143
1.5
4.272001872658765
4.924428900898052
2.8284271247461903
4.69041575982343
2.8284271247461903
1.0
3.0
0.0
0.0
2.0
0.0
3.5355339059327378
3.6742346141747673
10.606601717798213
5.338539126015656
6.123724356957945
2.449489742783178
1.0
1.7320508075688772
7.681145747868608
7.22841614740048
5.678908345800274
1.5
1.5
15.173990905493518
21.17191535974013
25.184320518926057
1.4142135623730951
6.0
10.099504938362077
1.4142135623730951
1.7320508075688772
9.0
4.242640687119285
1.4142135623730951
1.4142135623730951
4.272001872658765
21.360009363293827
8.616843969807043
3.840572873934304
16.454482671904334
6.383572667401852
0.8660254037844386
10.618380290797651
5.744562646538029
2.8284271247461903
2.449489742783178
3.0
2.8284271247461903
1.0
1.0
5.656854249492381
1.7320508075688772
10.099504938362077
2.1213203435596424
10.653637876331258
12.062338081814818
10.793516572461451
2.1213203435596424
2.1213203435596424
7.54983443527075
15.7797338380595
15.362291495737216
7.0710678118654755
2.8284271247461903
2.8284271247461903
5.744562646538029
7.14142842854285
14.849242404917497
20.603397778036516
22.01136070305514
20.603397778036516
33.86369737639409
30.89902911096075
0.8660254037844386
0.5
3.5
5.5
5.5
0.5
2.9154759474226504
10.793516572461451
4.06201920231798
5.338539126015656
1.224744871391589
6.442049363362563
15.556349186104045
15.84297951775486
26.888659319497503
6.18465843842649
25.46075411294803
26.874709300753377
7.088723439378913
12.031209415515965
12.031209415515965
16.27114009527298
3.570714214271425
8.845903006477066
18.39157415774952
16.977926846349646
11.324751652906125
1.5
2.5
3.2015621187164243
5.852349955359813
6.946221994724902
4.924428900898052
19.79898987322333
10.099504938362077
4.242640687119285
6.557438524302
5.656854249492381
4.358898943540674
6.4031242374328485
15.0
1.224744871391589
3.5355339059327378
3.6742346141747673
4.06201920231798
5.338539126015656
2.1213203435596424
2.345207879911715
14.849242404917497
5.678908345800274
4.5
7.22841614740048
7.5
2.179449471770337
3.278719262151
13.444329659748751
17.684739183827393
12.278029157808675
4.9749371855331
9.0
10.677078252031311
18.0
12.767145334803704
12.36931687685298
11.489125293076057
22.627416997969522
19.79898987322333
19.79898987322333
1.224744871391589
2.1213203435596424
2.5
4.5
4.5
22.677080940897135
31.11671576500322
36.77295201639379
1.224744871391589
7.7781745930520225
14.849242404917497
6.06217782649107
6.5383484153110105
8.170067319184096
3.840572873934304
3.840572873934304
16.332482971061076
21.97157254271983
1.5
2.8722813232690143
2.8722813232690143
4.5
4.5
4.5
4.716990566028302
6.837397165588672
9.313968005098578
6.5383484153110105
12.114041439585717
8.170067319184096
10.23474474522936
11.357816691600547
2.8284271247461903
1.0
4.123105625617661
4.123105625617661
1.7320508075688772
0.0
4.242640687119285
4.358898943540674
12.0
15.684387141358123
9.9498743710662
7.0710678118654755
1.4142135623730951
18.445866745696716
9.912113800799505
12.737739202856996
11.324751652906125
4.5
4.272001872658765
1.5
1.5
1.7320508075688772
4.358898943540674
15.684387141358123
13.341664064126334
16.673332000533065
9.9498743710662
3.0
13.341664064126334
7.0710678118654755
9.0
2.8284271247461903
16.170961628796228
1.224744871391589
1.224744871391589
0.7071067811865476
3.5355339059327378
33.473870406632095
40.614036982304526
37.689521090085506
7.22841614740048
4.272001872658765
11.726039399558575
4.06201920231798
